73514 124.085903168
73457 59.4840049744
73431 31.4629077911
73431 34.6009731293
73431 31.8479537964
73406 28.9061069489
73404 31.2640666962
73392 55.4099082947
73392 25.7658958435
73385 32.5200557709
73324 31.7142009735
73307 34.8448753357
73307 34.8339080811
73278 60.0137710571
73276 28.5108089447
73270 32.1049690247
73270 31.9828987122
73270 31.2728881836
73215 31.6069126129
73209 50.4510402679
73209 33.5319042206
73209 24.8649120331
73209 34.0039730072
73196 33.6539745331
73196 26.5390872955
73119 52.206993103
73072 25.2411365509
73072 36.5579128265
73028 27.8098583221
73028 28.9549827576
73028 60.5139732361
73028 29.0939807892
73028 36.9398593903
73016 27.9181003571
73014 27.4150371552
73009 30.8849811554
72994 56.3418865204
72969 28.7380218506
72926 24.8501300812
72900 31.8439006805
72897 29.5679569244
72880 31.0988426208
72868 59.6148967743
72793 29.5867919922
72793 35.1979732513
72793 26.8831253052
72793 33.4439277649
72724 29.8538208008
72724 50.4319667816
72724 33.1430435181
72698 26.4179706573
72641 30.5378437042
72641 28.8879871368
72616 28.5348892212
72591 54.0881156921
72591 31.7761898041
72576 32.8538417816
72576 29.6518802643
72576 29.4840335846
72576 60.1148605347
72569 27.5230407715
72530 34.3809127808
72487 30.8949947357
72483 29.834985733
72483 34.6109867096
72466 52.9198646545
72466 35.3119373322
72466 29.8998355865
72463 31.0571193695
72463 33.0159664154
72462 25.4189968109
72462 53.9100170135
72435 31.4149856567
72435 28.6591053009
72432 30.8630466461
72432 31.5158367157
72395 35.2818965912
72395 50.595998764
72384 36.5371704102
72384 32.5219631195
72353 26.2341499329
72353 28.7690162659
72311 57.8830242157
72311 33.5800647736
72311 27.606010437
72282 32.8750610352
72233 30.0960540771
72233 32.5520038605
72196 54.2199611664
72160 32.7579975128
72111 31.1288833618
72111 26.358127594
72058 29.618024826
72058 27.5189876556
72058 55.1221370697
72021 31.7280292511
72021 26.8449783325
72003 25.2768993378
72003 28.9101600647
71985 26.3259410858
71985 51.775932312
71912 28.6810398102
71896 28.0377864838
71896 30.2648544312
71896 26.9460678101
71862 29.5979976654
71821 49.1299629211
71821 33.6439609528
71799 26.8790721893
71780 25.3689289093
71766 27.8408527374
71728 54.0239810944
71711 37.2560024261
71711 34.5439910889
71672 34.3379974365
71672 36.5688800812
71666 33.7388515472
71666 51.4380931854
71636 30.5910110474
71636 35.1378917694
71636 29.0172100067
71636 25.5010128021
71636 32.6180458069
71632 53.2071590424
71618 33.6558818817
71618 32.7908992767
71604 29.0279388428
71598 26.5729427338
71598 28.5918712616
71533 53.5609722137
71489 31.261920929
71479 30.1468372345
71479 27.1799564362
71479 33.7750911713
71479 58.4740638733
71479 24.7330665588
71479 29.8800468445
71469 26.073217392
71469 23.8571166992
71431 27.8010368347
71431 69.4251060486
71431 30.0199985504
71431 31.033039093
71430 27.2369384766
71424 32.7749252319
71424 29.8380851746
71412 52.1359443665
71403 31.350851059
71400 33.9930057526
71399 38.400888443
71399 32.4969291687
71370 34.6031188965
71370 50.5659580231
71370 30.6310653687
71370 32.5119495392
71360 32.4521064758
71360 28.4829139709
71348 29.9890041351
71328 51.9990921021
71324 32.4590206146
71298 33.1048965454
71287 31.2929153442
71287 32.1979522705
71283 57.5079917908
71283 33.0221652985
71283 29.0009975433
71267 31.16106987
71255 33.9050292969
71228 30.5149555206
71205 56.4429759979
71191 24.7559547424
71191 28.0220508575
71189 30.9498310089
71184 25.9809494019
71184 35.2740287781
71134 56.4930438995
71134 30.9510231018
71112 29.7639369965
71112 32.240152359
71112 36.7698669434
71104 27.9459953308
71104 54.3689727783
71102 31.9139957428
71102 33.1039428711
71095 32.219171524
71095 30.6301116943
71095 31.0459136963
71095 53.7781715393
71094 36.1790657043
71068 33.294916153
71009 31.5971374512
71009 30.3869247437
70998 56.1728477478
70998 28.2280445099
70998 31.5458774567
70998 33.7281227112
70962 33.5121154785
70935 28.9540290833
70923 48.6869812012
70889 31.5442085266
70889 31.2521457672
70872 27.1239280701
70861 31.0950279236
70837 34.0001583099
70837 55.2139282227
70776 29.3290615082
70776 27.3869037628
70776 36.0109806061
70776 27.3280143738
70747 32.8750610352
70747 54.3730258942
70747 31.5389633179
70738 29.531955719
70738 29.9220085144
70703 31.1048030853
70664 63.453912735
70664 30.1020145416
70664 29.0970802307
70664 26.7879962921
70664 31.7871570587
70656 32.310962677
70610 58.7160587311
70610 24.5890617371
70610 29.7331809998
70609 27.5828838348
70599 29.7210216522
70599 26.1650085449
70599 54.988861084
70583 27.4610519409
70583 27.065038681
70583 29.0861129761
70583 33.8110923767
70583 33.4360599518
70559 54.8379421234
70559 25.0730514526
70559 32.4060916901
70559 27.4720191956
70485 37.5380516052
70485 28.5000801086
70485 55.2508831024
70485 30.0879478455
70470 31.8179130554
70464 30.8048725128
70460 29.7288894653
70460 58.3600997925
70433 27.2209644318
70413 30.0059318542
70363 30.2519798279
70353 30.1401615143
70263 31.4078330994
70263 51.9568920135
70247 29.5310020447
70205 29.021024704
70188 35.1560115814
70188 31.730890274
70131 25.7019996643
70113 55.3901195526
70100 31.1160087585
70095 31.1470031738
70095 31.9521427155
70086 30.1530361176
70050 30.170917511
70050 57.5449466705
70050 34.5098972321
70040 33.567905426
70017 32.1590900421
70017 35.1288318634
69979 58.0821037292
69956 29.7498703003
69956 31.1279296875
69955 31.7771434784
69955 28.3088684082
69955 27.899980545
69909 55.9418201447
69882 27.3020267487
69882 26.1700153351
69804 28.4600257874
69774 29.6399593353
69774 32.0389270782
69747 50.0838756561
69747 28.2020568848
69747 30.6251049042
69726 32.613992691
69726 31.1942100525
69726 31.9199562073
69726 56.2798976898
69708 28.2678604126
69690 30.916929245
69690 32.3731899261
69690 35.1409912109
69672 29.7701358795
69650 50.8980751038
69650 28.2897949219
69650 36.581993103
69628 28.6929607391
69628 34.9230766296
69628 58.1979751587
69628 28.0640125275
69578 28.0630588531
69578 28.0430316925
69578 32.7899456024
69578 34.2938899994
69578 52.8998374939
69545 30.8218002319
69545 27.1308422089
69545 29.5400619507
69545 30.9019088745
69537 33.1220626831
69537 51.8798828125
69537 29.8981666565
69529 26.978969574
69529 31.2240123749
69529 29.8569202423
69526 25.3961086273
69500 46.6179847717
69500 32.2048664093
69480 33.5488319397
69480 34.0459346771
69458 33.3080291748
69458 34.9640846252
69458 51.5561103821
69457 28.5880565643
69429 31.2898159027
69417 33.3609580994
69397 26.0820388794
69397 55.7568073273
69388 31.9139957428
69388 28.9258956909
69382 33.8959693909
69382 30.424118042
69377 31.2221050262
69377 67.419052124
69367 32.7200889587
69330 32.5889587402
69330 26.9229412079
69330 27.6100635529
69323 27.2920131683
69323 57.0859909058
69311 30.3339958191
69311 29.8430919647
69279 33.8690280914
69270 26.2701511383
69270 28.4008979797
69270 49.1309165955
69270 29.5021533966
69270 33.02693367
69244 34.334897995
69240 28.5730361938
69240 64.5749568939
69240 30.5528640747
69203 31.3999652863
69203 33.3869457245
69201 28.1229019165
69201 33.5071086884
69190 58.825969696
69184 34.462928772
69184 27.8189182281
69184 31.9781303406
69180 32.0229530334
69147 34.1949462891
69147 55.8879375458
69147 31.07380867
69144 27.0829200745
69144 33.4761142731
69125 31.3010215759
69109 28.6900997162
69109 51.5420436859
69109 26.2551307678
69070 29.7558307648
69045 32.0909023285
69045 26.6170501709
69036 28.0458927155
69033 51.1319637299
69033 29.7451019287
69033 28.3350944519
69033 28.0730724335
69033 29.5100212097
69033 56.2889575958
69033 30.4489135742
69033 29.7169685364
69033 26.6370773315
69033 35.7189178467
69033 30.8198928833
69033 56.6279888153
69021 29.8359394073
69011 33.5669517517
68999 33.0610275269
68990 26.428937912
68972 28.6610126495
68972 58.6440563202
68972 34.3298912048
68972 30.827999115
68970 31.5299034119
68962 31.3110351562
68954 35.0520610809
68954 48.0518341064
68954 32.1779251099
68940 31.9471359253
68940 29.5178890228
68940 28.3799171448
68884 56.3788414001
68874 29.5751094818
68867 32.9179763794
68831 28.7020206451
68807 31.4679145813
68807 34.6040725708
68807 55.6790828705
68777 32.0639610291
68776 29.5641422272
68763 31.1961174011
68737 25.1939296722
68729 30.6000709534
68707 54.6970367432
68707 33.1959724426
68661 30.1208496094
68641 31.0292243958
68641 25.3989696503
68629 27.991771698
68611 60.9400272369
68611 32.7990055084
68611 27.9588699341
68611 28.2728672028
68596 27.7028083801
68596 33.0889225006
68596 57.1150779724
68588 35.6521606445
68588 30.2228927612
68574 28.4900665283
68556 30.8060646057
68556 52.4809360504
68556 31.3491821289
68556 29.1669368744
68556 29.8709869385
68556 31.6920280457
68551 29.6430587769
68551 62.1128082275
68551 30.6529998779
68544 28.0981063843
68544 26.9868373871
68514 29.109954834
68514 27.7869701385
68486 51.2728691101
68471 29.9558639526
68471 32.5000286102
68469 27.0228385925
68461 28.6841392517
68461 25.9680747986
68441 56.5071105957
68441 30.2460193634
68419 30.2791595459
68348 32.4759483337
68348 29.8540592194
68346 31.3460826874
68346 52.7970790863
68323 35.2578163147
68303 35.6640815735
68303 30.455827713
68303 29.7620296478
68257 55.8528900146
68257 27.3900032043
68250 32.5481891632
68246 34.8169803619
68246 30.2429199219
68246 32.4981212616
68213 54.1219711304
68213 25.8839130402
68213 27.2607803345
68189 31.7990779877
68181 30.5650234222
68140 30.8890342712
68140 56.8721294403
68140 28.2809734344
68137 28.5530090332
68137 33.9529514313
68128 32.5388908386
68128 30.8799743652
68123 61.4569187164
68074 29.8631191254
68067 28.8858413696
68067 26.4081954956
68067 30.4529666901
68037 59.3419075012
68037 26.0231494904
68037 31.0361385345
68012 30.5118560791
68003 32.1509838104
67985 25.7740020752
67982 53.5659790039
67982 32.1779251099
67968 31.5048694611
67945 29.4239521027
67922 29.7429561615
67922 33.2338809967
67922 52.120923996
67922 28.1279087067
67919 26.859998703
67919 27.6520252228
67899 28.8360118866
67899 34.5368385315
67886 53.160905838
67886 34.1489315033
67886 28.0170440674
67885 34.560918808
67885 29.0150642395
67860 37.5289916992
67860 64.9311542511
67860 29.6471118927
67860 30.2510261536
67830 35.1419448853
67827 24.2009162903
67800 56.1699867249
67800 31.5420627594
67800 31.7990779877
67800 27.400970459
67800 28.361082077
67800 31.5320491791
67800 50.938129425
67787 33.9231491089
67787 29.3250083923
67787 28.2640457153
67787 26.8249511719
67786 27.9648303986
67744 55.0429821014
67723 32.0298671722
67717 30.0178527832
67717 30.2069187164
67717 31.0921669006
67717 32.2299003601
67704 52.9952049255
67704 31.4650535583
67704 36.248922348
67686 26.9219875336
67680 29.333114624
67680 53.5449981689
67680 28.1710624695
67680 31.014919281
67671 26.2789726257
67662 32.5021743774
67662 31.2559604645
67653 58.7558746338
67642 30.4839611053
67614 33.2880020142
67614 25.8541107178
67609 29.669046402
67609 29.1969776154
67609 56.2720298767
67609 27.3170471191
67552 28.0179977417
67523 32.8431129456
67523 30.524969101
67521 33.6670875549
67521 49.8659610748
67521 28.8019180298
67521 29.4909477234
67521 28.8808345795
67513 27.3270606995
67464 30.4589271545
67430 51.353931427
67430 25.6989002228
67430 25.1109600067
67424 25.2711772919
67424 30.2128791809
67413 49.4391918182
67413 24.701833725
67409 30.3938388824
67406 30.0481319427
67385 33.9961051941
67352 31.7480564117
67328 53.6530017853
67326 28.3598899841
67315 28.8319587708
67269 27.5139808655
67247 31.5849781036
67246 28.2809734344
67229 54.4440746307
67229 27.1608829498
67229 28.8457870483
67203 33.5521697998
67203 28.0718803406
67137 30.4989814758
67137 47.1529960632
67110 31.0621261597
67110 29.5708179474
67110 30.1609039307
67110 28.0818939209
67110 31.947851181
67098 52.4258613586
67098 27.0369052887
67098 31.1260223389
67098 24.3921279907
67074 24.649143219
67047 52.8218746185
67047 31.3320159912
66974 27.9891490936
66961 30.1921367645
66951 32.1860313416
66951 25.6240367889
66902 48.3429431915
66891 29.1109085083
66891 27.6920795441
66891 29.9508571625
66891 26.6921520233
66891 29.2990207672
66865 48.8641262054
66810 27.4410247803
66747 27.5280475616
66747 24.4500637054
66714 27.841091156
66688 26.4239311218
66663 60.0519180298
66655 35.0608825684
66655 34.6360206604
66655 33.5319042206
66655 26.6599655151
66655 51.9189834595
66655 25.3071784973
66655 29.9048423767
66644 25.5630016327
66623 28.568983078
66607 26.7570018768
66607 51.3079166412
66607 27.6021957397
66589 28.5592079163
66577 35.9981060028
66577 32.1741104126
66577 29.3748378754
66539 67.1591758728
66510 30.9689044952
66506 25.9280204773
66505 30.2560329437
66505 27.5340080261
66482 27.4798870087
66482 51.8009662628
66482 29.2890071869
66482 30.22813797
66482 30.4079055786
66482 34.451007843
66468 27.2831916809
66461 59.7839355469
66461 37.2948646545
66461 37.2998714447
66461 32.4728488922
66431 29.7718048096
66421 59.2260360718
66413 31.366109848
66413 32.0680141449
66391 26.4129638672
66391 25.8369445801
66391 32.0360660553
66391 49.2951869965
66385 30.4889678955
66381 32.9117774963
66357 31.3439369202
66357 32.5849056244
66357 33.5040092468
66350 61.9189739227
66310 26.9930362701
66310 29.611825943
66272 26.7331600189
66262 30.809879303
66262 26.19099617
66252 52.4158477783
66238 28.8240909576
66238 30.7350158691
66215 25.2830982208
66215 27.7769565582
66215 54.8779964447
66190 32.3181152344
66182 34.5520973206
66182 32.9201221466
66181 33.0991744995
66095 32.8888893127
66095 52.3359775543
66095 30.855178833
66095 25.9680747986
66095 25.3670215607
66069 30.4288864136
66063 29.5550823212
66051 54.7580718994
66045 30.0550460815
66045 27.2099971771
66045 37.7380847931
66032 36.9198322296
66028 33.6129665375
66007 63.7269020081
66007 32.2329998016
66000 27.6539325714
65990 27.0779132843
65990 28.3310413361
65959 24.8429775238
65959 50.0030517578
65918 30.5590629578
65918 30.6990146637
65918 25.6888866425
65892 32.604932785
65874 65.229177475
65874 35.9199047089
65861 35.3720188141
65861 27.7419090271
65856 38.0117893219
65856 28.9030075073
65815 56.6251277924
65801 26.6950130463
65753 31.0790538788
65747 27.7619361877
65747 30.1649570465
65747 29.1719436646
65747 51.8999099731
65747 28.2330513
65747 31.9771766663
65745 37.6081466675
65733 32.1280956268
65731 34.4789028168
65731 58.9768886566
65721 30.6949615479
65721 26.8359184265
65721 28.6641120911
65721 30.2901268005
65721 30.1260948181
65717 46.4749336243
65688 28.3699035645
65679 30.0359725952
65675 35.747051239
65675 29.65092659
65675 66.7510032654
65669 34.1899394989
65669 34.2910289764
65669 32.4141979218
65669 29.9861431122
65669 29.7508239746
65669 54.6660423279
65660 31.6569805145
65660 29.6468734741
65644 31.5978527069
65644 27.6930332184
65594 33.1070423126
65594 52.0238876343
65593 36.1671447754
65556 43.221950531
65556 31.7780971527
65556 34.3499183655
65556 33.1931114197
65556 55.6211471558
65548 30.4439067841
65548 35.5761051178
65548 27.7569293976
65541 28.4249782562
65541 57.5020313263
65541 29.3869972229
65541 26.0081291199
65523 28.6650657654
65523 30.8148860931
65483 35.5129241943
65483 64.2251968384
65483 36.2660884857
65483 29.2439460754
65483 30.4481983185
65483 29.6759605408
65449 31.7490100861
65449 60.3339672089
65413 27.6749134064
65409 30.5869579315
65409 32.2601795197
65352 26.419878006
65352 28.0048847198
65349 64.3398761749
65349 36.6859436035
65293 38.1128787994
65276 34.3310832977
65260 30.5418968201
65260 31.7811965942
65256 51.0668754578
65223 27.0919799805
65223 31.1241149902
65223 29.6158790588
65223 27.2929668427
65223 52.4551868439
65223 30.8101177216
65205 33.1988334656
65179 36.8168354034
65159 38.8121604919
65159 33.7359905243
65159 60.7550144196
65159 27.2409915924
65154 29.1938781738
65154 28.8960933685
65154 26.5758037567
65144 29.923915863
65120 49.9408245087
65120 30.7459831238
65120 26.7281532288
65114 28.3019542694
65114 27.7328491211
65114 30.5418968201
65114 68.0551528931
65114 31.91614151
65096 35.6719493866
65096 31.229019165
65092 28.755903244
65092 52.9680252075
65073 29.2391777039
65037 27.5540351868
65011 32.0580005646
65002 28.3710956573
65002 26.6220569611
65002 53.2228946686
65002 28.2959938049
65002 32.4921607971
64973 36.2169742584
64952 37.7609729767
64925 32.0398807526
64925 64.5711421967
64908 27.8930664062
64908 30.8110713959
64905 28.3939838409
64879 31.7280292511
64879 27.5330543518
64879 50.1580238342
64879 32.860994339
64836 31.3441753387
64836 33.1010818481
64827 32.0229530334
64809 33.9620113373
64805 56.1561584473
64801 35.2430343628
64747 33.4529876709
64736 30.308008194
64736 28.6149978638
64736 56.9968223572
64736 35.5689525604
64736 28.5279750824
64736 28.7380218506
64736 28.0170440674
64714 29.8519134521
64714 56.1928749084
64714 34.9450111389
64714 33.7519645691
64714 35.7580184937
64714 35.6278419495
64684 30.611038208
64680 50.3621101379
64680 33.322095871
64680 29.6890735626
64666 28.5768508911
64655 26.2699127197
64651 26.9010066986
64651 51.4841079712
64651 28.0640125275
64651 25.5999565125
64651 30.0538539886
64642 33.7789058685
64642 37.5130176544
64642 62.8981590271
64629 29.7930240631
64629 31.2211513519
64577 32.1600437164
64577 27.5359153748
64577 54.1558265686
64485 27.9288291931
64485 27.7440547943
64457 27.5638103485
64437 30.5161476135
64425 28.4368991852
64401 49.7448444366
64401 36.6959571838
64401 30.296087265
64394 33.360004425
64379 33.0839157104
64379 39.7889614105
64330 56.8699836731
64330 28.4750461578
64330 27.9557704926
64330 30.0629138947
64330 32.6058864594
64295 26.2639522552
64295 49.3760108948
64295 29.9398899078
64295 31.6319465637
64295 31.396150589
64288 26.4840126038
64277 52.1771907806
64277 28.9280414581
64248 29.1609764099
64248 30.4501056671
64220 26.8168449402
64220 25.8951187134
64218 52.0408153534
64187 26.7729759216
64187 27.0478725433
64185 33.3890914917
64171 31.2039852142
64171 25.5928039551
64151 56.8478107452
64151 31.986951828
64151 33.7390899658
64151 27.2881984711
64142 29.0131568909
64142 28.3980369568
64133 54.5551776886
64133 34.8150730133
64133 29.0939807892
64133 30.5638313293
64112 31.1489105225
64112 31.11577034
64112 52.2468090057
64112 30.0400257111
64112 29.0138721466
64112 26.9541740417
64062 29.1459560394
64062 55.8660030365
64062 33.0748558044
64055 27.4488925934
64055 32.3429107666
64055 24.8548984528
64051 29.4320583344
64045 54.7251701355
64045 32.7088832855
64037 25.8660316467
63983 26.6349315643
63980 30.7779312134
63969 29.3102264404
63969 48.9358901978
63907 29.669046402
63893 30.0109386444
63893 26.4899730682
63893 30.5151939392
63893 29.0620326996
63893 51.7139434814
63893 27.7020931244
63877 32.2480201721
63828 30.6041240692
63811 26.6940593719
63803 61.9790554047
63803 31.1079025269
63803 28.1538963318
63803 32.1500301361
63803 28.8832187653
63803 29.3409824371
63803 53.6940097809
63803 32.3028564453
63803 31.6588878632
63803 26.9079208374
63767 26.5440940857
63742 33.1170558929
63701 53.8861751556
63679 27.5001525879
63660 30.3680896759
63660 27.4331569672
63660 26.8611907959
63660 30.256986618
63660 59.0481758118
63660 27.4260044098
63618 30.0259590149
63618 26.8371105194
63618 32.096862793
63610 26.5288352966
63585 53.6811351776
63573 29.942035675
63573 30.6830406189
63573 27.6498794556
63532 25.4418849945
63532 54.9468994141
63532 31.9471359253
63532 34.1651439667
63532 32.8660011292
63499 32.1831703186
63476 34.0130329132
63474 54.2838573456
63459 24.5940685272
63456 32.6590538025
63454 27.7907848358
63431 29.7780036926
63431 29.3860435486
63431 57.0578575134
63427 27.3509025574
63419 28.400182724
63413 27.6539325714
63368 29.7160148621
63368 25.8638858795
63368 49.290895462
63355 30.3330421448
63355 31.5668582916
63336 28.9189815521
63307 28.3000469208
63285 31.5508842468
63285 54.1410446167
63255 28.5711288452
63239 30.4188728333
63239 31.7947864532
63239 30.5831432343
63239 53.3881187439
63235 28.815984726
63235 32.0429801941
63235 32.4189662933
63235 31.6309928894
63235 29.7169685364
63235 51.7659187317
63202 30.5140018463
63188 33.3440303802
63188 29.1531085968
63188 29.6168327332
