145716 504.368066788
145702 136.713027954
145684 74.7911930084
145651 83.8258266449
145648 118.245124817
145606 72.0429420471
145583 75.6940841675
145554 115.51117897
145554 67.2919750214
145554 68.6202049255
145541 108.617782593
145532 81.3381671906
145532 158.550024033
145482 71.1989402771
145473 59.2710971832
145471 122.677087784
145471 65.6690597534
145471 70.2788829803
145420 128.067970276
145420 78.0599117279
145420 64.2929077148
145409 121.317148209
145409 60.2149963379
145367 61.3989830017
145367 105.137109756
145333 63.982963562
145297 60.5089664459
145265 130.342006683
145261 69.678068161
145261 63.3850097656
145261 108.152866364
145261 63.6808872223
145261 63.6940002441
145241 108.682870865
145237 61.1329078674
145235 67.3179626465
145214 110.225915909
145205 66.358089447
145205 126.718044281
145195 62.8728866577
145181 59.6108436584
145166 118.33691597
145153 68.990945816
145142 56.0648441315
145142 108.335018158
145142 62.3819828033
145142 64.661026001
145137 112.320899963
145131 68.7248706818
145131 58.6559772491
145078 122.236967087
145059 66.6661262512
145059 63.1041526794
145049 115.701913834
145019 65.6018257141
145019 65.1819705963
145019 112.145185471
145019 66.5857791901
145019 59.2770576477
145014 126.039981842
145006 68.284034729
144978 64.1231536865
144957 121.26493454
144953 61.751127243
144953 130.574941635
144943 66.4079189301
144943 71.6581344604
144920 121.695041656
144920 75.1359462738
144920 67.1870708466
144920 123.310089111
144920 67.3410892487
144919 64.6350383759
144919 123.444080353
144878 57.0209026337
144878 58.2201480865
144796 109.699010849
144796 63.2870197296
144796 65.192937851
144796 103.655099869
144773 59.6051216125
144773 74.8291015625
144749 134.321928024
144715 54.4719696045
144691 58.4859848022
144658 111.595869064
144624 61.1000061035
144610 70.4431533813
144610 130.439996719
144584 61.6068840027
144557 118.120908737
144524 64.2600059509
144524 55.6190013885
144524 119.501113892
144524 69.8509216309
144517 62.6859664917
144489 123.526096344
144485 63.7559890747
144485 60.01496315
144454 112.482070923
144454 58.954000473
144445 69.4990158081
144370 108.618021011
144353 57.9128265381
144353 54.1000366211
144314 108.648777008
144238 73.3811855316
144238 75.6099224091
144236 109.894990921
144236 58.2139492035
144220 63.5721683502
144209 117.671966553
144209 62.0629787445
144188 71.916103363
144168 113.23094368
144110 66.3390159607
144110 120.867013931
144110 55.2079677582
144066 57.8608512878
144066 112.08319664
144066 58.5999488831
144066 59.396982193
144066 119.319915771
144046 63.1499290466
144046 68.8309669495
144039 114.500999451
144029 65.5338764191
144029 68.5081481934
144029 125.460863113
144028 59.8161220551
144014 62.4921321869
143966 118.225097656
143966 63.1680488586
143966 64.4419193268
143966 114.827156067
143966 66.4999485016
143966 55.2279949188
143899 107.383966446
143899 56.2908649445
143848 61.2289905548
143848 107.029914856
143848 67.5940513611
143832 64.8589134216
143832 112.570047379
143832 61.8782043457
143832 119.372844696
143832 62.1938705444
143832 69.8299407959
143818 122.106075287
143816 71.9060897827
143805 65.2289390564
143795 116.11199379
143795 69.5469379425
143792 69.7898864746
143792 124.641180038
143792 58.0599308014
143737 63.1129741669
143737 117.014884949
143708 59.2420101166
143634 66.5881633759
143623 111.783027649
143574 59.8390102386
143574 69.8180198669
143521 113.955974579
143521 66.792011261
143505 61.9521141052
143483 113.348960876
143483 81.3310146332
143458 82.4811458588
143458 117.50793457
143415 62.6699924469
143410 118.040084839
143410 59.6091747284
143384 55.5489063263
143384 110.186100006
143384 62.3500347137
143384 82.6840400696
143382 116.642951965
143363 61.4969730377
143363 63.6358261108
143342 120.244026184
143342 68.8369274139
143336 68.7408447266
143336 119.954824448
143336 65.0990009308
143336 65.3960704803
143336 116.526842117
143336 68.430185318
143326 61.7918968201
143304 111.73415184
143304 58.098077774
143282 61.5808963776
143257 119.777917862
143257 69.4110393524
143257 57.0049285889
143257 122.413873672
143219 59.0281486511
143219 126.091003418
143213 67.675113678
143191 61.695098877
143191 121.443986893
143191 68.6779022217
143158 71.1810588837
143147 121.083021164
143147 60.9920024872
143136 66.2999153137
143136 124.413013458
143136 68.6411857605
143132 60.6508255005
143132 114.800930023
143132 72.142124176
143132 70.0302124023
143127 107.210159302
143127 64.5039081573
143127 70.0931549072
143118 125.663995743
143101 66.0119056702
143085 70.7070827484
143085 115.844964981
143085 71.9220638275
143076 67.9440498352
143076 120.73802948
143076 62.803030014
143076 121.804952621
143023 72.5288391113
143005 78.6290168762
143005 119.215011597
143005 65.3350353241
142985 59.7560405731
142985 132.615089417
142985 63.8308525085
142985 71.496963501
142985 123.589038849
142967 73.4372138977
142967 69.3039894104
142967 125.495910645
142967 74.1679668427
142929 71.0670948029
142929 124.752998352
142906 61.9399547577
142862 69.0097808838
142845 114.937067032
142828 69.2231655121
142828 66.7469501495
142828 121.718883514
142828 63.7140274048
142819 66.7481422424
142772 126.128911972
142699 68.1211948395
142671 126.665830612
142671 65.6259059906
142667 68.2179927826
142664 119.854927063
142664 64.1748905182
142662 62.2520446777
142624 123.601913452
142572 65.7620429993
142564 61.8679523468
142560 121.512889862
142543 60.3241920471
142543 60.3611469269
142519 110.229969025
142519 59.7319602966
142519 60.7278347015
142511 110.190153122
142493 56.9629669189
142493 63.1699562073
142489 108.43205452
142459 67.4149990082
142459 56.1130046844
142448 111.122131348
142448 66.2190914154
142448 55.4399490356
142428 127.202987671
142428 71.1290836334
142428 60.2648258209
142402 114.774942398
142385 66.9469833374
142385 123.862981796
142385 65.9441947937
142363 60.4898929596
142363 121.377944946
142362 67.3470497131
142362 65.8209323883
142360 119.473934174
142360 64.964056015
142317 65.8550262451
142308 113.89708519
142308 63.0161762238
142308 57.3360919952
142299 106.919050217
142263 63.0412101746
142263 57.8889846802
142263 114.448070526
142256 60.9250068665
142256 69.895029068
142256 115.615129471
142256 61.5200996399
142239 67.4331188202
142239 123.718976974
142239 66.3900375366
142187 66.8330192566
142187 115.895986557
142119 60.4920387268
142119 119.710922241
142119 59.9529743195
142119 60.4200363159
142111 120.110034943
142111 63.9290809631
142111 60.5139732361
142111 113.645076752
142105 66.5040016174
142105 56.8571090698
142105 110.109090805
142088 54.9120903015
142088 57.5890541077
142061 103.565216064
142032 65.5829906464
141994 77.0909786224
141994 118.829011917
141961 60.5080127716
141961 62.6409053802
141952 105.043888092
141907 68.58086586
141894 77.3220062256
141894 133.48698616
141888 64.6870136261
141888 66.3001537323
141888 110.573768616
141888 64.9018287659
141853 121.037960052
141853 60.2290630341
141816 69.3202018738
141788 125.804901123
141788 61.399936676
141788 63.2481575012
141788 113.763093948
141788 61.0289573669
141788 61.4249706268
141788 112.226963043
141764 82.7169418335
141764 76.807975769
141764 118.480920792
141764 57.3620796204
141759 57.1601390839
141743 114.162921906
141733 76.248884201
141719 76.8308639526
141719 113.812923431
141719 59.0748786926
141695 56.4408302307
141677 110.550880432
141657 74.4180679321
141657 75.7939815521
141649 115.912914276
141639 55.783033371
141603 122.803926468
141597 69.6151256561
141562 79.3540477753
141562 119.503974915
141562 77.6610374451
141562 70.0440406799
141562 117.370843887
141562 68.4428215027
141534 62.1180534363
141484 115.488052368
141484 62.2510910034
141484 62.6149177551
141466 114.207029343
141422 69.9110031128
141418 56.0328960419
141418 118.378162384
141403 60.9889030457
141403 63.4779930115
141403 113.387107849
141403 68.0289268494
141403 66.1940574646
141387 117.603063583
141387 70.97697258
141359 70.3179836273
141359 115.591049194
141359 70.4801082611
141293 124.162197113
141293 71.3219642639
141293 62.3290538788
141200 122.498989105
141164 65.5951499939
141141 66.0979747772
141138 123.650074005
141138 68.6941146851
141127 57.5070381165
141112 123.100042343
141045 69.3290233612
141045 65.4821395874
141045 113.847017288
141045 59.9789619446
141045 71.1059570312
141031 107.119083405
141031 62.2501373291
141031 61.8269443512
141029 114.984989166
141029 66.9729709625
141026 68.0520534515
141026 119.249820709
141026 59.7331523895
141026 70.0118541718
141026 109.437942505
140990 66.1220550537
140990 68.1290626526
140970 115.049123764
140970 64.8338794708
140960 113.757133484
140938 57.354927063
140938 67.7080154419
140895 126.457929611
140869 66.5681362152
140869 68.8009262085
140863 121.898889542
140851 63.2028579712
140847 61.1629486084
140847 103.765964508
140847 55.2780628204
140828 61.6190433502
140827 118.995904922
140792 59.9579811096
140777 63.807964325
140777 114.742040634
140723 65.2570724487
140718 64.2070770264
140718 115.253210068
140718 62.4239444733
140718 67.1660900116
140718 110.567092896
140699 61.6130828857
140699 65.5999183655
140682 114.320039749
140674 62.76512146
140672 126.038074493
140672 67.1029090881
140672 62.1399879456
140672 111.871004105
140656 62.3230934143
140614 58.443069458
140614 116.525173187
140614 54.7111034393
140614 62.1609687805
140596 121.491909027
140564 78.4938335419
140564 64.1348361969
140488 113.431930542
140470 66.3940906525
140470 70.818901062
140470 135.056018829
140452 76.9181251526
140408 67.4591064453
140403 123.462915421
140392 61.1290931702
140360 64.8500919342
140343 134.738922119
140343 66.6480064392
140343 66.2009716034
140302 109.601020813
140301 62.8509521484
140301 132.075071335
140286 83.6200714111
140286 61.8801116943
140284 116.99795723
140265 66.1718845367
140265 67.7120685577
140245 134.57608223
140213 81.5091133118
140213 64.7180080414
140194 111.346006393
140194 61.2089633942
140194 58.0630302429
140194 116.718053818
140194 66.2930011749
140194 64.2428398132
140185 124.560832977
140185 58.9570999146
140185 71.2690353394
140176 119.126796722
140176 68.7758922577
140174 78.1569480896
140154 127.380847931
140114 66.967010498
140111 69.6020126343
140060 118.020057678
140045 61.7740154266
140045 120.235919952
140026 61.4559650421
140026 72.3760128021
140026 125.473022461
140015 65.5329227448
140015 68.22514534
140008 121.809959412
140008 66.9360160828
139997 67.5230026245
139997 121.740102768
139986 64.9991035461
139986 63.7309551239
139977 115.243196487
139972 57.0249557495
139972 59.6880912781
139960 111.406087875
139946 64.1448497772
139946 63.148021698
139905 110.857963562
139905 66.5490627289
139886 65.0880336761
139886 116.733074188
139886 67.1191215515
139876 66.822052002
139876 117.036104202
139876 58.3980083466
139876 120.632171631
139800 65.6480789185
139786 61.3720417023
139786 128.249168396
139772 72.9269981384
139772 75.9739875793
139761 124.106168747
139749 58.8989257812
139749 57.0929050446
139748 119.046926498
139748 63.1930828094
139748 59.3469142914
139737 118.021011353
139694 66.7500495911
139694 70.3790187836
139694 121.302127838
139694 65.1161670685
139677 67.5039291382
139677 122.678041458
139677 60.5750083923
139659 64.4490718842
139659 115.300178528
139659 64.6181106567
139659 59.4990253448
139638 113.02614212
139599 71.6500282288
139582 67.3170089722
139582 108.821153641
139582 65.2480125427
139582 123.826026917
139582 70.2579021454
139582 61.8500709534
139527 111.369848251
139489 60.2309703827
139489 63.8451576233
139489 118.397951126
139489 65.2620792389
139489 66.0879611969
139485 109.338998795
139485 72.1020698547
139477 63.1060600281
139458 123.25501442
139458 66.0030841827
139458 69.9229240417
139458 118.716955185
139458 71.6321468353
139458 56.9789409637
139436 117.307901382
139436 67.0080184937
139436 67.9869651794
139436 112.356901169
139434 67.7690505981
139411 69.1769123077
139404 119.664907455
139382 59.4491958618
139378 123.008966446
139376 73.8308429718
139367 64.334154129
139332 123.75998497
139332 71.2249279022
139315 68.0148601532
139296 113.504171371
139296 67.812204361
139296 57.4159622192
139296 119.936943054
139296 64.9070739746
139296 62.3829364777
139296 121.263980865
139296 57.116985321
139296 60.1618289948
139296 116.701126099
139296 62.67786026
139296 67.9948329926
139289 113.383054733
139230 63.4698867798
139215 71.5770721436
139206 119.66085434
139206 68.7820911407
139197 61.9170665741
139180 112.074136734
139162 70.3041553497
139162 112.977981567
139151 68.2919025421
139151 69.9949264526
139145 127.045869827
139145 62.0288848877
139104 70.2791213989
139095 121.128082275
139060 69.3640708923
139060 58.6462020874
139007 109.884023666
139007 63.2300376892
139007 66.7500495911
138990 116.775989532
138990 59.9789619446
138984 61.4898204803
138984 121.187925339
138984 60.5969429016
138957 61.7921352386
138933 105.005025864
138932 61.4950656891
138932 60.5390071869
138932 115.345954895
138913 66.9128894806
138901 58.7389469147
138898 120.8589077
138898 58.9530467987
138880 119.577169418
138876 66.171169281
138863 57.2791099548
138850 123.600006104
138850 59.5829486847
138843 60.6181621552
138804 110.510826111
138804 57.7890872955
138804 65.1850700378
138792 108.804941177
138791 59.5211982727
138780 58.4230422974
138745 110.376834869
138716 59.3428611755
138716 61.6331100464
138716 109.009027481
138707 78.3929824829
138707 74.8817920685
138690 110.288143158
138683 64.7120475769
138683 62.0069503784
138683 121.222019196
138663 59.2830181122
138663 69.5769786835
138655 104.458093643
138655 68.6299800873
138652 123.593091965
138652 67.4939155579
138588 58.0401420593
138588 109.482049942
138588 60.3110790253
138588 71.9230175018
138582 112.18214035
138582 65.8440589905
138582 68.9809322357
138535 124.871015549
138505 67.2681331635
138467 71.1748600006
138467 114.856958389
138454 66.6918754578
138380 66.5130615234
138371 113.279104233
138349 65.2821063995
138349 74.658870697
138349 117.733955383
138333 68.4468746185
138331 69.629907608
138328 106.976032257
138305 65.8981800079
138272 62.933921814
138249 108.242988586
138249 62.4029636383
138249 59.3321323395
138249 107.099056244
138249 59.8587989807
138194 139.611959457
138182 73.8379955292
138137 71.7129707336
138135 130.084991455
138111 72.9718208313
138045 68.244934082
138015 113.897800446
137969 64.1689300537
137969 70.1849460602
137969 110.183000565
137966 66.8828487396
137966 74.6381282806
137927 118.064880371
137927 61.2478256226
137891 69.6430206299
137891 113.93904686
137864 74.8400688171
137834 80.365896225
137818 109.094142914
137817 64.7630691528
137794 54.2631149292
137780 114.148139954
137756 66.9300556183
137756 69.8029994965
137740 126.345872879
137733 69.3790912628
137733 115.974903107
137722 70.4069137573
137708 62.8728866577
137708 119.637012482
137684 67.3151016235
137684 63.8790130615
137684 122.630119324
137672 65.8729076385
137623 65.5930042267
137586 126.6310215
137586 62.4520778656
137586 74.2018222809
137586 113.313913345
137586 63.316822052
137586 64.5291805267
137586 119.822978973
137570 58.5041046143
137561 59.0810775757
137561 118.78991127
137550 59.5400333405
137550 71.3851451874
137515 110.496997833
137515 63.1101131439
137479 69.0739154816
137479 113.150119781
137479 58.9911937714
137479 130.244970322
137479 62.3450279236
137444 61.6030693054
137419 122.898101807
137419 71.4240074158
137372 62.5140666962
137312 116.618871689
137281 67.1989917755
137266 63.7369155884
137266 111.33813858
137266 75.5071640015
137266 89.075088501
137266 152.112960815
137266 66.5218830109
137259 71.4800357819
137254 116.058826447
137254 66.7719841003
137225 75.2160549164
137225 108.453989029
137225 64.7709369659
137225 68.9740180969
137203 106.456041336
137203 75.4101276398
137203 74.2900371552
137182 117.476940155
137182 65.5660629272
137182 121.207952499
137182 65.4790401459
137182 61.9678497314
137136 119.303941727
137136 59.2930316925
137136 69.3249702454
137135 109.726190567
137135 67.4879550934
137135 67.5930976868
137135 122.411966324
137131 74.2909908295
137130 67.3911571503
137130 118.357896805
137120 68.7229633331
137106 65.7110214233
137106 112.103939056
137084 59.8769187927
137082 59.7748756409
137082 105.6599617
137082 55.5138587952
137082 59.5750808716
137082 106.019973755
137082 52.4730682373
137071 53.9660453796
137064 100.678920746
137064 69.039106369
137064 151.166915894
137064 61.0299110413
137064 56.0209751129
137064 117.326974869
137064 62.2510910034
137064 75.2980709076
137064 138.88502121
137040 58.6159229279
137040 64.9371147156
137014 110.162973404
137011 59.1270923615
137011 78.9618492126
137011 143.729925156
137011 61.2268447876
137011 55.13215065
137011 110.185861588
137011 59.7009658813
136989 78.5648822784
136989 139.380931854
136989 60.0259304047
136988 64.0749931335
136988 114.282131195
136980 64.1829967499
136980 78.104019165
136980 131.717920303
136961 60.2049827576
136932 58.2959651947
136920 114.890098572
136887 65.7861232758
136883 122.532129288
136883 72.5140571594
136876 58.620929718
136876 112.790107727
136876 66.2851333618
136852 67.0211315155
136837 131.095170975
136812 65.2740001678
136812 62.6819133759
136782 103.553056717
136751 67.9121017456
136725 62.3970031738
136709 116.940975189
136703 65.5539035797
136698 62.8089904785
136698 113.99102211
136694 65.3939247131
136694 59.6859455109
136694 109.117031097
136677 61.6171360016
136677 65.819978714
136677 113.337993622
136677 56.6809177399
136666 53.3950328827
136657 110.713005066
136657 61.6579055786
136657 123.548030853
136657 66.8640136719
136657 55.1328659058
136616 109.716892242
136600 63.8499259949
136600 62.9560947418
136600 114.497900009
136599 55.6058883667
136599 61.1519813538
136576 111.704826355
136576 57.5799942017
136569 64.414024353
136569 103.817939758
136564 69.2777633667
136564 83.0619335175
136556 133.527040482
136548 68.333864212
136545 65.642118454
136545 123.998165131
136508 64.6169185638
136508 61.6199970245
136508 113.283157349
136499 65.7451152802
136499 61.4860057831
136471 109.518051147
136459 63.6310577393
136424 111.886978149
136398 59.7929954529
136382 60.152053833
136380 113.601922989
136364 72.2110271454
136285 71.2749958038
136285 122.896909714
136273 61.4521503448
136271 58.531999588
136271 113.918066025
136271 61.8119239807
136271 62.8440380096
136228 115.578889847
136228 62.9229545593
136228 58.23802948
136228 114.578962326
136228 71.6648101807
136173 59.366941452
136154 118.273973465
136154 62.5469684601
136154 61.8648529053
136154 123.156070709
136154 65.0069713593
136154 75.5791664124
136145 123.229026794
136130 64.8698806763
136130 117.595911026
136130 64.3110275269
136069 60.772895813
136069 117.227077484
136048 61.7301464081
136032 60.9829425812
136032 112.761974335
136032 61.6171360016
136006 59.9710941315
136006 109.951972961
135982 55.056810379
135954 57.7120780945
135954 113.238096237
135954 63.2891654968
135939 64.4698143005
135918 114.790916443
135918 78.803062439
135918 76.9648551941
135888 117.127895355
135888 69.1680908203
135863 71.9890594482
135863 113.452911377
135863 63.5638237
135860 60.4329109192
135845 104.804039001
135845 70.2390670776
135818 114.153862
135808 60.986995697
135787 58.0260753632
135763 109.169006348
135733 62.5870227814
135648 65.2239322662
135636 114.12191391
135617 63.8780593872
135617 61.4609718323
135601 122.364044189
135601 62.579870224
135601 63.5778903961
135601 104.367017746
135601 63.5280609131
135601 59.1568946838
135601 111.210107803
135583 62.2320175171
135550 67.5950050354
135542 103.856086731
135542 57.9240322113
135520 63.0428791046
135520 100.147008896
135520 61.2051486969
135520 58.6740970612
135520 103.050947189
135520 70.2199935913
135520 67.9500102997
135520 107.609033585
135510 64.7211074829
135505 111.468076706
135437 66.6229724884
135424 66.6830539703
135417 116.173028946
135417 61.1560344696
135417 66.1270618439
135417 114.047050476
135417 66.3161277771
135417 62.2320175171
135397 111.36007309
135397 63.8661384583
135397 66.3149356842
135397 123.821973801
135363 69.9970722198
135339 72.0589160919
135339 134.460926056
135339 66.4370059967
135326 65.8559799194
135326 114.582061768
135326 63.8601779938
135314 71.8991756439
135314 134.181976318
135289 64.0659332275
135249 62.7381801605
135240 117.624044418
135208 62.9370212555
135176 140.204906464
135154 69.4470405579
135113 65.1481151581
135113 115.91386795
135113 62.2048377991
135093 65.2561187744
135074 145.886182785
135039 69.9300765991
135023 63.7269020081
135019 125.382900238
135010 65.0858879089
135001 68.0780410767
135001 137.959003448
134982 65.181016922
134949 65.2189254761
134931 117.45595932
134931 64.924955368
134915 72.340965271
134885 132.821083069
134885 59.5450401306
134885 65.395116806
134885 124.45306778
134885 63.9450550079
134885 71.1641311646
134885 132.183074951
134885 70.6510543823
134885 145.648002625
134858 69.1070556641
134846 64.6088123322
134844 127.364873886
134844 71.662902832
134844 66.9949054718
