241 0.288963317871
241 0.0288486480713
232 0.214815139771
200 0.1540184021
190 0.150918960571
176 0.141859054565
176 0.1380443573
164 0.0159740447998
164 0.1380443573
164 0.136852264404
164 0.137805938721
164 0.139951705933
155 0.134944915771
155 0.141143798828
155 0.139951705933
155 0.135898590088
155 0.1380443573
155 0.136852264404
145 0.141143798828
145 0.134944915771
145 0.133991241455
145 0.135183334351
145 0.134229660034
145 0.137090682983
140 0.142097473145
140 0.0119209289551
140 0.139951705933
140 0.1380443573
120 0.135898590088
120 0.134944915771
120 0.141143798828
120 0.126838684082
120 0.114917755127
105 0.118017196655
105 0.0109672546387
105 0.118017196655
105 0.113010406494
105 0.113964080811
102 0.113010406494
84 0.11682510376
84 0.0121593475342
84 0.115871429443
84 0.116109848022
84 0.118017196655
84 0.115871429443
84 0.114917755127
84 0.0119209289551
84 0.113010406494
84 0.115871429443
82 0.113010406494
82 0.115871429443
82 0.114917755127
82 0.113964080811
82 0.115871429443
71 0.113964080811
64 0.117063522339
64 0.114917755127
64 0.121831893921
64 0.119924545288
64 0.118970870972
64 0.113010406494
64 0.118017196655
64 0.116109848022
64 0.0100135803223
64 0.0100135803223
64 0.117063522339
64 0.0109672546387
64 0.121116638184
64 0.123977661133
64 0.104188919067
64 0.0109672546387
64 0.100135803223
64 0.102996826172
64 0.102043151855
64 0.108003616333
56 0.102996826172
56 0.102996826172
56 0.105857849121
56 0.103950500488
56 0.105142593384
56 0.102996826172
56 0.102043151855
56 0.105142593384
56 0.1060962677
56 0.00715255737305
56 0.101804733276
56 0.102043151855
56 0.1060962677
56 0.102996826172
56 0.105857849121
56 0.106811523438
56 0.107049942017
56 0.102996826172
56 0.101804733276
56 0.104904174805
56 0.105857849121
56 0.00691413879395
56 0.101804733276
56 0.10085105896
56 0.00905990600586
56 0.104904174805
56 0.0119209289551
56 0.00596046447754
56 0.105857849121
56 0.114917755127
56 0.00905990600586
52 0.103950500488
52 0.0109672546387
52 0.102043151855
52 0.00810623168945
48 0.104904174805
48 0.102043151855
48 0.0979900360107
48 0.00596046447754
48 0.101089477539
48 0.0960826873779
48 0.102043151855
48 0.0967979431152
48 0.0989437103271
48 0.100135803223
48 0.100135803223
48 0.00905990600586
48 0.0989437103271
48 0.0970363616943
48 0.0989437103271
48 0.102996826172
47 0.0989437103271
47 0.0998973846436
47 0.0989437103271
47 0.00691413879395
47 0.108957290649
47 0.133037567139
47 0.0979900360107
47 0.00810623168945
47 0.00905990600586
47 0.102996826172
47 0.101089477539
47 0.0979900360107
47 0.00905990600586
47 0.0991821289062
47 0.100135803223
47 0.100135803223
47 0.0979900360107
47 0.00691413879395
47 0.0998973846436
47 0.0998973846436
42 0.101804733276
42 0.1220703125
42 0.1220703125
42 0.113964080811
42 0.124931335449
42 0.102996826172
40 0.102043151855
40 0.114917755127
40 0.105857849121
39 0.107049942017
39 0.107049942017
39 0.105142593384
39 0.1060962677
39 0.103950500488
39 0.108957290649
39 0.108003616333
39 0.1060962677
39 0.1060962677
39 0.106811523438
39 0.1060962677
39 0.00715255737305
39 0.102996826172
39 0.0109672546387
39 0.1060962677
39 0.102043151855
39 0.105857849121
39 0.104904174805
39 0.0109672546387
39 0.102996826172
39 0.106811523438
39 0.108003616333
39 0.104188919067
39 0.102996826172
39 0.108003616333
39 0.1060962677
39 0.105142593384
39 0.102996826172
39 0.105857849121
39 0.0109672546387
39 0.103950500488
39 0.103950500488
39 0.113010406494
39 0.0989437103271
39 0.101089477539
39 0.100135803223
39 0.0989437103271
39 0.0979900360107
39 0.103950500488
39 0.105857849121
39 0.103950500488
36 0.102043151855
36 0.10085105896
36 0.10085105896
36 0.10085105896
36 0.103950500488
36 0.104904174805
36 0.101804733276
36 0.102043151855
36 0.102043151855
36 0.102996826172
36 0.0998973846436
36 0.103950500488
36 0.105142593384
36 0.101089477539
36 0.101089477539
36 0.102043151855
36 0.101089477539
36 0.105142593384
36 0.102996826172
36 0.103950500488
36 0.102996826172
36 0.00905990600586
36 0.102996826172
36 0.101804733276
36 0.101089477539
33 0.104904174805
33 0.00905990600586
33 0.113010406494
33 0.117063522339
33 0.113010406494
31 0.0998973846436
31 0.102043151855
31 0.100135803223
31 0.102996826172
31 0.101089477539
31 0.102043151855
31 0.10085105896
31 0.107049942017
31 0.00905990600586
31 0.102996826172
31 0.0100135803223
31 0.102043151855
31 0.102043151855
31 0.102996826172
31 0.1060962677
31 0.100135803223
31 0.0119209289551
31 0.102043151855
31 0.102996826172
31 0.100135803223
31 0.103950500488
31 0.1060962677
31 0.102996826172
31 0.101089477539
31 0.100135803223
31 0.102996826172
31 0.10085105896
31 0.0998973846436
31 0.104904174805
31 0.102996826172
31 0.1060962677
31 0.102996826172
31 0.10085105896
31 0.10085105896
31 0.102043151855
31 0.0991821289062
31 0.0109672546387
31 0.101089477539
31 0.0998973846436
31 0.11420249939
31 0.00691413879395
31 0.0100135803223
31 0.0989437103271
31 0.100135803223
31 0.00905990600586
31 0.0991821289062
31 0.100135803223
31 0.0989437103271
31 0.0998973846436
31 0.0998973846436
31 0.0970363616943
29 0.00786781311035
29 0.102996826172
29 0.102043151855
29 0.0989437103271
29 0.102043151855
25 0.102043151855
25 0.0109672546387
25 0.101804733276
25 0.0979900360107
25 0.0979900360107
25 0.0998973846436
25 0.0989437103271
25 0.103950500488
25 0.102043151855
25 0.0989437103271
25 0.101089477539
25 0.0991821289062
25 0.0979900360107
25 0.0989437103271
25 0.00905990600586
25 0.0970363616943
25 0.0979900360107
25 0.0979900360107
25 0.0970363616943
25 0.0960826873779
25 0.0100135803223
25 0.100135803223
25 0.0970363616943
25 0.108003616333
25 0.130891799927
25 0.0979900360107
25 0.00786781311035
24 0.0979900360107
24 0.00691413879395
24 0.0970363616943
24 0.0979900360107
24 0.0998973846436
24 0.107049942017
24 0.00905990600586
24 0.103950500488
24 0.0989437103271
24 0.102043151855
24 0.103950500488
24 0.101089477539
24 0.100135803223
24 0.101089477539
24 0.10085105896
24 0.1540184021
24 0.108957290649
24 0.104904174805
24 0.105142593384
24 0.102996826172
24 0.101089477539
24 0.0989437103271
24 0.101089477539
24 0.102996826172
24 0.102043151855
24 0.0989437103271
24 0.10085105896
24 0.0998973846436
24 0.102996826172
24 0.102996826172
24 0.101804733276
24 0.0989437103271
24 0.0998973846436
24 0.0109672546387
24 0.112056732178
24 0.100135803223
24 0.10085105896
24 0.0998973846436
24 0.109910964966
24 0.0989437103271
24 0.0989437103271
24 0.22292137146
24 0.0998973846436
24 0.113010406494
24 0.105142593384
24 0.102996826172
23 0.105857849121
23 0.107049942017
23 0.103950500488
23 0.103950500488
23 0.00882148742676
23 0.102043151855
23 0.107049942017
23 0.103950500488
23 0.102996826172
23 0.103950500488
23 0.102043151855
23 0.102043151855
23 0.00715255737305
23 0.103950500488
23 0.105857849121
23 0.108957290649
23 0.105857849121
23 0.102996826172
23 0.105142593384
23 0.103950500488
23 0.107049942017
23 0.102043151855
23 0.10085105896
23 0.102043151855
23 0.108003616333
23 0.105142593384
23 0.1060962677
23 0.1060962677
23 0.102996826172
23 0.0970363616943
23 0.102043151855
23 0.102043151855
23 0.00715255737305
23 0.0970363616943
23 0.0979900360107
23 0.101804733276
23 0.0109672546387
23 0.0970363616943
23 0.0979900360107
23 0.0960826873779
23 0.0998973846436
23 0.00596046447754
23 0.100135803223
23 0.0970363616943
23 0.00810623168945
23 0.10085105896
23 0.00691413879395
23 0.0970363616943
23 0.120878219604
23 0.0970363616943
23 0.0958442687988
23 0.0979900360107
23 0.101089477539
23 0.0970363616943
23 0.0970363616943
23 0.0970363616943
23 0.0960826873779
23 0.0970363616943
23 0.10085105896
23 0.0958442687988
23 0.0979900360107
23 0.0970363616943
23 0.00977516174316
23 0.0998973846436
23 0.0967979431152
23 0.10085105896
23 0.0109672546387
23 0.0960826873779
23 0.0991821289062
23 0.0970363616943
23 0.0960826873779
23 0.0967979431152
23 0.0989437103271
23 0.10085105896
23 0.0979900360107
23 0.0979900360107
23 0.104904174805
23 0.128030776978
23 0.0951290130615
23 0.00905990600586
23 0.0979900360107
23 0.00691413879395
23 0.100135803223
23 0.00596046447754
23 0.0982284545898
23 0.0979900360107
23 0.0960826873779
23 0.0982284545898
23 0.0970363616943
23 0.0991821289062
23 0.00905990600586
23 0.103235244751
23 0.108957290649
23 0.130891799927
23 0.126123428345
23 0.00905990600586
23 0.105857849121
23 0.109910964966
23 0.00786781311035
23 0.108003616333
23 0.108957290649
23 0.108003616333
23 0.108957290649
23 0.108957290649
23 0.118970870972
23 0.100135803223
23 0.102996826172
23 0.102996826172
23 0.0989437103271
23 0.0998973846436
23 0.111818313599
23 0.00691413879395
23 0.102043151855
23 0.10085105896
23 0.102996826172
23 0.0998973846436
23 0.102043151855
23 0.102043151855
23 0.102996826172
23 0.102043151855
23 0.100135803223
23 0.100135803223
23 0.102996826172
23 0.102996826172
23 0.102043151855
23 0.101089477539
23 0.0100135803223
23 0.0109672546387
23 0.0100135803223
23 0.0998973846436
23 0.101089477539
23 0.102043151855
23 0.103950500488
23 0.0100135803223
23 0.102996826172
23 0.00691413879395
23 0.00882148742676
23 0.101804733276
23 0.102043151855
23 0.102996826172
23 0.0100135803223
23 0.0998973846436
22 0.103950500488
22 0.105142593384
22 0.0109672546387
22 0.102996826172
22 0.103950500488
22 0.103950500488
22 0.104188919067
22 0.102996826172
22 0.140905380249
22 0.21505355835
22 0.123023986816
22 0.0128746032715
22 0.00905990600586
22 0.108003616333
22 0.1060962677
22 0.110864639282
22 0.10085105896
22 0.103950500488
22 0.10085105896
22 0.00691413879395
22 0.10085105896
22 0.112056732178
22 0.00810623168945
22 0.102043151855
22 0.10085105896
22 0.102996826172
22 0.102996826172
22 0.00786781311035
22 0.104904174805
22 0.105857849121
22 0.10085105896
22 0.104904174805
22 0.101804733276
22 0.104904174805
21 0.103950500488
21 0.102043151855
21 0.0100135803223
21 0.102996826172
21 0.114917755127
21 0.102996826172
21 0.102996826172
21 0.102043151855
21 0.102996826172
21 0.0998973846436
21 0.102043151855
21 0.101089477539
21 0.00715255737305
21 0.101089477539
21 0.102996826172
21 0.102996826172
21 0.102043151855
21 0.00882148742676
21 0.104904174805
21 0.176906585693
21 0.119924545288
21 0.115871429443
21 0.102043151855
21 0.00715255737305
21 0.103950500488
21 0.0989437103271
21 0.00977516174316
21 0.0979900360107
21 0.0979900360107
21 0.00905990600586
21 0.103950500488
21 0.113010406494
21 0.00882148742676
21 0.102043151855
21 0.100135803223
21 0.0989437103271
21 0.0979900360107
21 0.101089477539
21 0.0979900360107
21 0.0998973846436
21 0.0989437103271
21 0.0967979431152
21 0.0979900360107
21 0.0970363616943
21 0.0991821289062
21 0.105142593384
21 0.100135803223
21 0.0998973846436
21 0.101089477539
21 0.0979900360107
21 0.0970363616943
21 0.0979900360107
21 0.00715255737305
21 0.0979900360107
21 0.0960826873779
21 0.00715255737305
21 0.0979900360107
21 0.0960826873779
21 0.101089477539
21 0.109195709229
21 0.00810623168945
21 0.103950500488
21 0.00786781311035
21 0.0991821289062
21 0.101089477539
21 0.108003616333
21 0.00810623168945
21 0.0979900360107
21 0.0979900360107
21 0.0998973846436
21 0.0970363616943
21 0.0960826873779
21 0.0991821289062
21 0.0960826873779
20 0.0989437103271
20 0.101804733276
20 0.0970363616943
20 0.0970363616943
20 0.0998973846436
19 0.101089477539
19 0.00882148742676
19 0.0998973846436
19 0.0979900360107
19 0.0989437103271
19 0.0979900360107
19 0.00596046447754
19 0.0979900360107
19 0.0970363616943
19 0.0979900360107
19 0.0989437103271
19 0.100135803223
19 0.0998973846436
19 0.0979900360107
19 0.0998973846436
19 0.100135803223
19 0.0989437103271
19 0.10085105896
19 0.0989437103271
19 0.0998973846436
19 0.100135803223
19 0.100135803223
19 0.00691413879395
19 0.120878219604
19 0.351905822754
19 0.176906585693
19 0.174045562744
19 0.174999237061
18 0.170946121216
18 0.0169277191162
18 0.16713142395
18 0.168085098267
18 0.174045562744
18 0.169038772583
18 0.167846679688
18 0.168085098267
18 0.165939331055
18 0.165939331055
18 0.169992446899
18 0.168085098267
17 0.168085098267
17 0.166893005371
17 0.169992446899
17 0.169038772583
17 0.16713142395
17 0.163078308105
17 0.177145004272
17 0.134944915771
17 0.133037567139
17 0.0150203704834
17 0.136137008667
17 0.133037567139
17 0.0109672546387
17 0.13279914856
17 0.136137008667
17 0.132083892822
17 0.134944915771
17 0.136137008667
17 0.143051147461
17 0.134944915771
17 0.134944915771
17 0.134944915771
17 0.1380443573
17 0.133037567139
17 0.137805938721
17 0.136137008667
17 0.0150203704834
17 0.133037567139
17 0.136137008667
17 0.13279914856
17 0.134944915771
17 0.134944915771
17 0.133037567139
17 0.133991241455
17 0.136852264404
17 0.137090682983
17 0.1380443573
17 0.131845474243
17 0.134944915771
17 0.140190124512
16 0.136137008667
16 0.133991241455
16 0.134944915771
16 0.133991241455
16 0.014066696167
16 0.135183334351
16 0.133037567139
16 0.0138282775879
16 0.133991241455
16 0.133037567139
16 0.133991241455
16 0.137805938721
16 0.0131130218506
16 0.13279914856
16 0.134944915771
16 0.133991241455
16 0.138998031616
16 0.115871429443
16 0.113010406494
16 0.112771987915
16 0.114917755127
16 0.0119209289551
16 0.11682510376
16 0.113010406494
16 0.0121593475342
16 0.118017196655
16 0.113964080811
16 0.113964080811
16 0.113010406494
16 0.114917755127
16 0.113010406494
16 0.113964080811
16 0.0109672546387
16 0.0100135803223
16 0.113964080811
16 0.113964080811
16 0.117063522339
16 0.00905990600586
16 0.113010406494
16 0.118017196655
16 0.114917755127
16 0.116109848022
16 0.11682510376
16 0.114917755127
16 0.113964080811
16 0.115156173706
16 0.118970870972
16 0.115156173706
16 0.113964080811
16 0.116109848022
16 0.114917755127
16 0.118970870972
16 0.128030776978
16 0.0989437103271
16 0.0989437103271
16 0.0991821289062
16 0.100135803223
16 0.00810623168945
16 0.0979900360107
16 0.0991821289062
16 0.00810623168945
16 0.0989437103271
16 0.102996826172
16 0.0979900360107
16 0.0970363616943
16 0.0979900360107
16 0.130891799927
16 0.0100135803223
16 0.121116638184
16 0.0979900360107
16 0.0970363616943
16 0.00810623168945
16 0.0109672546387
16 0.0109672546387
16 0.100135803223
16 0.0989437103271
16 0.00786781311035
16 0.0989437103271
16 0.101089477539
16 0.100135803223
16 0.0979900360107
16 0.101089477539
16 0.0982284545898
16 0.0960826873779
16 0.100135803223
16 0.00905990600586
16 0.101089477539
16 0.0998973846436
16 0.101089477539
16 0.0989437103271
16 0.0989437103271
16 0.00786781311035
16 0.0970363616943
16 0.0979900360107
16 0.101089477539
16 0.00715255737305
16 0.00691413879395
16 0.00715255737305
16 0.0970363616943
16 0.10085105896
16 0.0979900360107
16 0.0989437103271
16 0.0989437103271
16 0.0967979431152
16 0.0979900360107
16 0.0979900360107
16 0.102043151855
16 0.100135803223
16 0.0989437103271
16 0.0979900360107
16 0.0979900360107
16 0.0109672546387
16 0.00905990600586
16 0.0989437103271
16 0.102996826172
16 0.100135803223
16 0.00810623168945
16 0.0979900360107
16 0.0970363616943
16 0.106811523438
16 0.112056732178
16 0.102043151855
16 0.105857849121
16 0.123023986816
16 0.105142593384
16 0.1060962677
16 0.102996826172
16 0.1060962677
16 0.102996826172
16 0.00786781311035
16 0.103950500488
16 0.104188919067
16 0.103950500488
16 0.102996826172
16 0.107049942017
16 0.105857849121
16 0.00977516174316
16 0.00905990600586
16 0.104904174805
16 0.102996826172
16 0.1060962677
16 0.106811523438
16 0.102996826172
16 0.103950500488
16 0.102996826172
16 0.0100135803223
16 0.102996826172
16 0.107049942017
16 0.105142593384
16 0.105142593384
16 0.103950500488
16 0.102043151855
16 0.102996826172
16 0.102043151855
16 0.107049942017
16 0.105142593384
16 0.105142593384
16 0.113010406494
16 0.101089477539
16 0.100135803223
16 0.101089477539
16 0.00905990600586
16 0.00596046447754
16 0.0998973846436
16 0.102043151855
16 0.102043151855
16 0.00810623168945
16 0.103950500488
16 0.101089477539
16 0.103950500488
16 0.0991821289062
16 0.101089477539
16 0.0998973846436
16 0.00882148742676
16 0.0998973846436
16 0.101089477539
16 0.101804733276
16 0.0989437103271
16 0.104904174805
16 0.104904174805
16 0.104188919067
16 0.0998973846436
16 0.102043151855
16 0.102996826172
16 0.0998973846436
16 0.102043151855
16 0.102996826172
16 0.00715255737305
16 0.0998973846436
16 0.0109672546387
16 0.0998973846436
16 0.0989437103271
16 0.10085105896
16 0.0109672546387
16 0.0998973846436
16 0.102043151855
16 0.105142593384
16 0.142097473145
16 0.0989437103271
16 0.0119209289551
16 0.110864639282
16 0.101804733276
16 0.00905990600586
16 0.0119209289551
16 0.0991821289062
16 0.102043151855
16 0.0991821289062
16 0.0970363616943
16 0.100135803223
16 0.0991821289062
16 0.102996826172
16 0.0970363616943
16 0.0989437103271
16 0.0989437103271
16 0.0979900360107
16 0.0109672546387
16 0.0979900360107
16 0.101089477539
16 0.102043151855
16 0.10085105896
16 0.0970363616943
16 0.0979900360107
16 0.0979900360107
16 0.123977661133
16 0.107049942017
16 0.0989437103271
16 0.102996826172
16 0.0998973846436
16 0.0998973846436
16 0.0991821289062
16 0.0979900360107
16 0.0998973846436
16 0.0989437103271
16 0.101089477539
16 0.0970363616943
16 0.0998973846436
16 0.132083892822
16 0.107765197754
16 0.0960826873779
16 0.0979900360107
16 0.0970363616943
16 0.00905990600586
16 0.101089477539
16 0.0100135803223
16 0.0998973846436
16 0.0991821289062
16 0.0989437103271
16 0.0979900360107
16 0.105142593384
16 0.101089477539
16 0.102043151855
16 0.101804733276
16 0.104904174805
15 0.102996826172
15 0.105142593384
15 0.101089477539
15 0.102996826172
15 0.102043151855
15 0.101089477539
15 0.102043151855
15 0.104188919067
15 0.103950500488
15 0.104904174805
15 0.102043151855
15 0.100135803223
15 0.101089477539
15 0.104904174805
15 0.101089477539
15 0.102996826172
15 0.101089477539
15 0.0998973846436
15 0.10085105896
15 0.0998973846436
15 0.10085105896
15 0.0998973846436
15 0.10085105896
15 0.0109672546387
15 0.101089477539
15 0.100135803223
15 0.112056732178
15 0.0989437103271
15 0.0998973846436
15 0.00786781311035
15 0.0979900360107
15 0.0989437103271
15 0.0991821289062
15 0.0970363616943
15 0.102996826172
15 0.0989437103271
15 0.00786781311035
15 0.0979900360107
15 0.00905990600586
15 0.0979900360107
15 0.100135803223
15 0.00905990600586
15 0.0989437103271
15 0.0979900360107
15 0.101089477539
15 0.10085105896
15 0.0979900360107
15 0.120162963867
15 0.103950500488
15 0.104904174805
15 0.112056732178
15 0.00905990600586
15 0.100135803223
15 0.0100135803223
15 0.116109848022
15 0.105142593384
15 0.105142593384
15 0.104188919067
