2017 1.79696083069
2017 1.45721435547
1967 1.00898742676
1933 0.756025314331
1924 0.694036483765
1913 0.725030899048
1909 0.732898712158
1894 0.741004943848
1894 0.698089599609
1891 0.696897506714
1882 0.695943832397
1868 0.679016113281
1868 0.669956207275
1847 1.02305412292
1842 1.23000144958
1804 1.19805335999
1804 1.1510848999
1804 0.927925109863
1797 0.998020172119
1785 0.920057296753
1785 0.921964645386
1785 0.899791717529
1779 0.927925109863
1769 0.943899154663
1739 0.75888633728
1709 0.797986984253
1709 0.785112380981
1696 0.797033309937
1668 0.773906707764
1668 0.669956207275
1660 0.867128372192
1660 0.710964202881
1658 0.722169876099
1658 0.695943832397
1636 0.71907043457
1636 0.720977783203
1636 0.690937042236
1591 0.662088394165
1568 0.680923461914
1546 0.707864761353
1531 0.710010528564
1522 0.725030899048
1522 0.709056854248
1522 0.709056854248
1512 0.692844390869
1512 0.687122344971
1495 0.687837600708
1490 0.663995742798
1490 0.649929046631
1422 0.653982162476
1422 0.686883926392
1409 0.688076019287
1409 0.68998336792
1399 0.772953033447
1399 0.708103179932
1399 0.71382522583
1384 0.723123550415
1378 0.715970993042
1364 0.741004943848
1358 0.737905502319
1357 0.725030899048
1357 0.707149505615
1357 0.684022903442
1332 0.688076019287
1332 0.694990158081
1332 0.654935836792
1332 0.661134719849
1332 0.693082809448
1311 0.723123550415
1311 0.703811645508
1311 0.672101974487
1311 0.683069229126
1311 0.685930252075
1311 0.70595741272
1311 0.707864761353
1311 0.735998153687
1297 0.698089599609
1292 0.704050064087
1284 0.762939453125
1284 0.691175460815
1284 0.666856765747
1284 0.718116760254
1284 0.679016113281
1284 0.67400932312
1284 0.759124755859
1284 0.649929046631
1284 0.73504447937
1281 0.680923461914
1281 0.724077224731
1273 0.750064849854
1273 0.710010528564
1241 0.727891921997
1241 0.71120262146
1241 0.700950622559
1241 0.693082809448
1241 0.724077224731
1241 0.68211555481
1241 0.777006149292
1241 0.885963439941
1236 0.72193145752
1236 0.696897506714
1236 0.715017318726
1236 0.703096389771
1236 0.731945037842
1236 0.720024108887
1236 0.715017318726
1228 0.68998336792
1228 0.725984573364
1217 0.839948654175
1217 0.761032104492
1217 0.712871551514
1217 0.736951828003
1217 0.744104385376
1217 0.741004943848
1216 0.70595741272
1216 0.686883926392
1216 0.712156295776
1216 0.706911087036
1216 0.698089599609
1216 0.799894332886
1216 0.710010528564
1216 0.868082046509
1216 0.717878341675
1195 0.723123550415
1195 0.731945037842
1195 0.685930252075
1194 0.688076019287
1194 0.69785118103
1187 0.713109970093
1185 0.825881958008
1172 1.00612640381
1167 0.963926315308
1167 0.746011734009
1167 0.785827636719
1167 0.783920288086
1167 0.72193145752
1167 0.725030899048
1167 0.693082809448
1167 0.710010528564
1160 0.68998336792
1160 0.725030899048
1160 0.696897506714
1160 0.703096389771
1160 0.823020935059
1160 0.799179077148
1160 0.713109970093
1160 0.732898712158
1160 0.699043273926
1159 0.69785118103
1158 0.715017318726
1136 0.0829696655273
1136 0.763893127441
1136 0.709056854248
1136 0.692844390869
1136 0.750064849854
1121 0.704050064087
1121 0.709056854248
1115 0.688076019287
1115 0.703811645508
1106 0.690221786499
1106 0.69785118103
1106 0.756025314331
1100 0.854969024658
1100 0.80394744873
1100 0.717878341675
1100 0.730991363525
1098 0.709772109985
1098 0.813007354736
1098 0.984907150269
1084 0.75888633728
1070 0.715970993042
1070 0.833988189697
1067 0.06103515625
1064 0.820159912109
1064 0.75101852417
1064 0.720977783203
1064 0.704050064087
1064 0.72193145752
1064 0.725030899048
1064 0.0720024108887
1064 0.708818435669
1055 0.68211555481
1055 0.662088394165
1055 0.666856765747
1052 0.654935836792
1052 1.09720230103
1052 1.1260509491
1052 1.14297866821
1052 1.09505653381
1044 1.05595588684
1044 0.942945480347
1041 0.0848770141602
1041 0.953197479248
1041 1.07097625732
1041 0.962018966675
1023 0.923871994019
1023 0.941038131714
1023 0.910043716431
1023 0.921964645386
1023 0.0500679016113
1012 0.762224197388
1012 0.752925872803
1000 0.776052474976
1000 0.76699256897
985 0.791072845459
985 0.715017318726
985 0.716924667358
985 0.71907043457
985 0.70595741272
985 0.730991363525
985 0.676870346069
985 0.675916671753
985 0.869989395142
985 0.698089599609
985 0.730037689209
984 0.718116760254
984 0.72193145752
984 0.72193145752
984 0.750064849854
981 0.694990158081
981 0.71907043457
981 0.674962997437
981 0.72193145752
976 0.699043273926
976 0.68998336792
976 0.874996185303
976 0.96321105957
963 0.937938690186
963 0.777006149292
963 0.782012939453
963 0.751972198486
963 0.76699256897
953 0.78296661377
953 0.80680847168
953 0.95796585083
953 0.744104385376
948 0.698804855347
948 0.736951828003
948 0.729084014893
948 0.699043273926
931 0.715970993042
931 0.72717666626
931 0.69785118103
931 0.707864761353
923 0.695943832397
923 0.752210617065
922 0.716209411621
919 0.706911087036
907 0.729084014893
907 0.701904296875
907 0.741004943848
907 0.699996948242
907 0.741958618164
907 0.791788101196
905 0.759124755859
905 1.0941028595
898 0.773906707764
898 0.868082046509
898 0.741004943848
892 0.738859176636
892 0.74315071106
892 0.760078430176
892 0.717878341675
892 0.0369548797607
873 0.706911087036
873 0.730037689209
872 0.800848007202
866 0.736951828003
866 0.694036483765
866 0.707864761353
866 0.710010528564
866 0.699043273926
861 0.69785118103
861 0.72717666626
861 0.69785118103
861 0.667095184326
836 0.911951065063
836 0.797033309937
836 0.751972198486
836 0.715970993042
836 0.728845596313
836 0.724077224731
836 0.706911087036
836 0.728130340576
836 0.718116760254
828 1.11103057861
812 1.26695632935
812 1.01518630981
812 0.687122344971
812 0.678062438965
806 0.679016113281
806 0.688076019287
806 0.695943832397
799 0.659942626953
799 0.700950622559
799 0.697135925293
799 0.740051269531
793 0.715970993042
793 1.23906135559
793 1.06382369995
793 1.1157989502
793 1.15990638733
787 1.06406211853
787 0.95796585083
787 0.95009803772
787 0.908136367798
785 0.914096832275
785 0.90503692627
785 0.952959060669
785 0.880002975464
785 0.815868377686
785 0.777006149292
785 0.802993774414
774 0.785827636719
774 0.744819641113
771 0.715970993042
771 0.674962997437
753 0.761985778809
753 0.68211555481
753 0.707149505615
753 0.714063644409
753 0.687837600708
744 0.731945037842
744 0.74315071106
744 0.693082809448
744 0.684022903442
744 0.69785118103
744 0.669956207275
744 0.674962997437
744 0.702857971191
744 0.725030899048
743 0.720024108887
743 0.679016113281
743 0.679969787598
743 0.679016113281
743 0.68211555481
743 0.707149505615
743 0.65803527832
743 0.683069229126
743 0.685930252075
743 0.699043273926
743 0.753879547119
743 0.699043273926
743 0.718832015991
743 0.71907043457
742 0.725030899048
739 0.714778900146
739 0.996112823486
739 0.0910758972168
739 1.11293792725
739 1.11198425293
739 1.17993354797
739 0.953912734985
739 0.906944274902
732 0.969886779785
732 0.911951065063
732 0.936031341553
732 0.941038131714
732 0.90503692627
732 0.797986984253
732 0.813007354736
732 0.790119171143
732 0.752925872803
725 0.821828842163
725 0.72193145752
725 0.69785118103
725 0.658988952637
719 0.707149505615
719 0.735998153687
719 0.658988952637
719 0.660181045532
719 0.67400932312
719 0.678062438965
719 0.690221786499
719 0.654220581055
719 0.678777694702
719 0.662088394165
719 0.68187713623
719 0.677108764648
719 0.669002532959
719 0.684976577759
719 0.661134719849
719 1.15418434143
719 0.807046890259
713 0.725984573364
706 0.715017318726
700 0.728130340576
700 0.733852386475
700 0.714063644409
700 0.738859176636
700 0.786781311035
694 0.885963439941
694 0.733137130737
694 0.804901123047
694 0.81992149353
694 0.731945037842
691 0.801086425781
691 0.804901123047
691 0.763177871704
691 0.79607963562
691 0.772953033447
691 0.900030136108
691 0.773906707764
690 0.962018966675
690 0.767946243286
690 0.793933868408
686 0.785112380981
686 0.787019729614
686 0.698089599609
686 0.710010528564
682 0.724077224731
679 0.695943832397
679 0.735998153687
679 0.747919082642
674 0.746011734009
674 0.692129135132
674 0.730037689209
674 0.741004943848
674 0.724792480469
674 0.732183456421
674 0.727891921997
674 0.737905502319
674 0.697135925293
663 0.693798065186
663 0.698089599609
663 0.692844390869
663 0.694036483765
663 0.763893127441
663 0.696182250977
663 0.679016113281
663 0.71907043457
663 0.648021697998
663 0.663995742798
663 0.711917877197
663 0.71907043457
663 0.693798065186
663 0.687122344971
663 0.718832015991
663 0.649929046631
663 0.699996948242
663 0.667095184326
663 0.681161880493
663 0.675201416016
663 0.673055648804
663 0.653028488159
663 0.648021697998
663 0.684976577759
663 0.664949417114
659 0.769138336182
659 0.731945037842
659 0.69785118103
659 0.68211555481
659 0.720024108887
657 0.71907043457
657 0.710964202881
657 0.053882598877
657 0.739812850952
651 0.703096389771
651 0.673055648804
651 0.710964202881
650 0.711917877197
650 0.852108001709
650 0.760078430176
646 0.720024108887
646 0.71907043457
646 0.702857971191
639 0.714063644409
639 0.718832015991
634 0.67400932312
634 0.664949417114
634 0.659942626953
634 0.673055648804
634 0.664949417114
634 0.651836395264
634 0.806093215942
634 0.815153121948
634 0.771045684814
634 0.914096832275
634 1.06906890869
634 1.13391876221
631 0.76699256897
631 0.717163085938
631 0.694036483765
631 0.709056854248
631 0.743865966797
631 0.725030899048
631 0.729084014893
631 0.692844390869
631 0.710010528564
631 0.731945037842
631 0.709056854248
631 0.703096389771
631 0.669002532959
631 0.791072845459
631 0.78296661377
631 0.739097595215
631 1.03688240051
631 0.715970993042
631 0.687837600708
631 0.867128372192
631 0.723838806152
631 0.703096389771
631 0.696897506714
631 0.710010528564
631 0.694990158081
631 0.70595741272
628 0.684976577759
628 0.684022903442
628 0.0638961791992
628 0.653982162476
628 0.67400932312
625 0.749826431274
625 0.689029693604
625 0.696897506714
625 0.699996948242
625 0.703096389771
625 0.731945037842
625 0.706911087036
625 0.786066055298
625 0.744104385376
625 0.711917877197
625 0.710010528564
625 0.731945037842
625 0.690937042236
625 0.687122344971
625 0.715017318726
625 0.710010528564
625 0.703096389771
625 0.706911087036
622 0.694036483765
622 0.677108764648
622 0.685214996338
622 0.0350475311279
622 0.645875930786
622 0.730037689209
622 0.661134719849
622 0.65803527832
620 0.683069229126
620 0.658988952637
620 0.679969787598
614 0.702142715454
614 0.674962997437
614 0.671863555908
608 0.684022903442
608 0.797986984253
608 0.708103179932
608 0.696897506714
608 0.665903091431
608 0.686168670654
600 0.710010528564
600 0.672101974487
600 0.686168670654
600 0.694990158081
600 0.710964202881
600 0.700950622559
599 0.703096389771
599 0.682830810547
599 0.728130340576
575 0.677824020386
575 0.668048858643
575 0.675916671753
575 0.72193145752
575 0.659942626953
575 0.685930252075
575 0.648975372314
575 0.790119171143
575 0.724077224731
575 0.715017318726
575 0.697135925293
575 0.694990158081
575 0.711917877197
575 0.709056854248
575 0.694990158081
575 0.663995742798
575 0.708103179932
573 0.670909881592
573 0.706911087036
573 0.70595741272
570 0.65803527832
563 0.702142715454
562 0.65803527832
562 0.656843185425
562 0.670909881592
562 0.694036483765
562 0.678062438965
559 0.686168670654
559 0.681161880493
559 0.718116760254
559 0.677824020386
559 0.663995742798
559 0.777006149292
559 0.757932662964
559 0.745058059692
559 0.723838806152
557 0.696897506714
551 0.705003738403
551 0.690937042236
551 0.652074813843
551 0.65803527832
548 0.676870346069
548 0.694036483765
548 0.653982162476
548 0.824928283691
548 0.852823257446
548 0.708818435669
548 0.814914703369
548 1.10816955566
548 0.932931900024
548 0.883102416992
545 0.933170318604
543 0.914096832275
543 0.805854797363
543 0.723123550415
543 0.704050064087
543 0.701904296875
543 0.713109970093
543 0.716924667358
538 0.688076019287
538 0.694990158081
536 0.658988952637
536 0.759840011597
536 0.671148300171
536 0.751972198486
536 0.700950622559
536 0.697135925293
536 0.783920288086
524 0.725984573364
524 0.706911087036
524 0.730037689209
524 0.691890716553
524 0.699043273926
524 0.723123550415
524 0.71382522583
524 0.832080841064
524 1.10507011414
524 0.949144363403
524 1.14107131958
516 0.910043716431
516 0.798940658569
516 0.691890716553
516 0.761032104492
516 0.906944274902
516 0.908851623535
516 0.89693069458
516 0.839948654175
516 0.779151916504
510 0.738143920898
509 0.720977783203
509 0.716924667358
509 0.710964202881
509 0.691890716553
504 0.715017318726
504 0.752925872803
504 0.741004943848
504 0.688076019287
504 0.702857971191
504 0.0789165496826
504 0.709056854248
503 0.728845596313
503 0.73504447937
503 0.709056854248
501 0.677824020386
501 0.668048858643
501 0.679969787598
501 0.747919082642
501 0.691890716553
501 0.67400932312
501 0.753879547119
501 0.699996948242
501 0.700950622559
501 1.04308128357
501 1.14607810974
495 1.13201141357
495 0.999927520752
495 0.891208648682
495 0.885963439941
495 0.958919525146
495 0.92601776123
495 0.948190689087
490 0.919103622437
490 0.838041305542
490 0.756978988647
490 0.848770141602
490 0.753879547119
485 0.760078430176
485 0.735998153687
485 0.726938247681
485 0.696897506714
485 0.717163085938
482 0.804901123047
482 0.710010528564
482 1.12295150757
482 0.869989395142
482 0.743865966797
482 0.716924667358
480 0.699043273926
480 0.70595741272
480 0.724077224731
480 0.717878341675
480 0.723123550415
480 0.734806060791
480 0.715017318726
480 0.725030899048
480 0.769853591919
480 0.735998153687
480 0.713109970093
480 0.724077224731
480 0.715017318726
480 0.677824020386
480 0.667095184326
480 0.665903091431
480 0.679016113281
480 0.725030899048
480 0.707149505615
480 1.08504295349
480 1.1579990387
480 1.01685523987
480 1.09601020813
480 0.948190689087
480 0.933170318604
480 0.931978225708
478 0.910997390747
478 0.933885574341
478 0.911951065063
478 0.865936279297
478 0.787019729614
478 0.767946243286
478 0.780820846558
478 0.778198242188
478 0.75101852417
478 0.669956207275
473 0.849008560181
473 0.713109970093
473 0.709056854248
473 0.717878341675
473 0.694036483765
473 0.777959823608
473 0.688791275024
460 0.684022903442
460 0.729084014893
460 0.681161880493
460 0.679969787598
460 0.765800476074
460 0.715970993042
460 0.732898712158
460 0.726938247681
460 0.726938247681
460 0.74291229248
460 0.664949417114
460 0.675201416016
460 0.658988952637
460 0.697135925293
460 0.661849975586
460 0.679016113281
460 0.0710487365723
460 0.693082809448
460 0.728845596313
460 0.729084014893
460 0.710964202881
460 0.710964202881
460 0.713109970093
460 0.733137130737
460 0.693798065186
460 0.714063644409
460 0.70595741272
460 0.714063644409
460 0.779867172241
460 0.71907043457
460 0.692844390869
460 0.710964202881
460 0.702142715454
460 0.679969787598
460 0.658988952637
460 0.684022903442
460 0.674962997437
460 0.674962997437
460 0.689029693604
460 1.16920471191
460 1.16896629333
460 0.782012939453
460 0.715970993042
460 0.714063644409
460 0.72193145752
460 0.68998336792
460 0.692129135132
460 0.836133956909
460 0.913143157959
460 0.933170318604
460 0.917911529541
460 0.892877578735
460 0.833034515381
460 0.710010528564
460 0.756025314331
460 0.807046890259
460 0.0829696655273
460 0.79083442688
460 0.830888748169
459 0.829935073853
459 0.0400543212891
459 0.725984573364
459 0.727891921997
459 0.705003738403
458 0.82802772522
458 0.733137130737
458 0.788927078247
458 0.701904296875
458 0.696182250977
458 0.699996948242
458 0.746965408325
458 0.714063644409
458 0.699996948242
458 0.72193145752
458 0.687837600708
458 0.695943832397
458 0.673055648804
457 0.701189041138
457 0.784158706665
457 0.682830810547
457 0.737905502319
457 0.839948654175
457 0.791788101196
454 0.73504447937
454 1.08480453491
454 1.0769367218
454 0.819206237793
454 0.741004943848
454 0.804901123047
454 0.732898712158
454 0.762939453125
454 0.728130340576
454 0.75101852417
454 0.748157501221
454 0.701904296875
454 0.714063644409
454 0.699996948242
454 0.745058059692
454 0.707864761353
454 0.725030899048
454 0.734090805054
454 0.870943069458
447 0.737905502319
443 0.707149505615
443 0.818014144897
436 0.859975814819
436 0.737905502319
436 0.732898712158
436 0.781059265137
436 0.759840011597
436 0.78010559082
436 0.79607963562
436 0.735998153687
436 0.694036483765
436 0.699043273926
435 0.684022903442
435 0.847101211548
435 0.725984573364
435 0.699043273926
435 0.708103179932
435 0.69785118103
435 0.728845596313
435 0.874996185303
435 0.742197036743
435 0.726938247681
435 0.755071640015
435 0.720024108887
435 0.694990158081
435 0.705003738403
435 0.71907043457
435 0.720977783203
435 0.795125961304
435 0.698089599609
435 1.20282173157
435 0.899076461792
435 0.909805297852
435 0.798940658569
431 0.787019729614
431 0.761985778809
431 0.780820846558
429 0.75888633728
427 0.688076019287
427 0.900983810425
427 0.730037689209
427 0.947952270508
427 0.893115997314
427 0.832080841064
427 0.813961029053
427 0.721216201782
427 0.705003738403
427 0.699996948242
427 0.730991363525
427 0.822067260742
427 0.736951828003
427 0.777006149292
427 0.733137130737
427 0.772953033447
427 0.837087631226
427 0.744104385376
427 0.718116760254
427 0.718832015991
427 0.710010528564
427 0.729084014893
427 0.787973403931
427 0.740051269531
427 0.75101852417
427 0.707864761353
427 0.705003738403
427 0.710010528564
427 0.688791275024
427 0.696182250977
427 0.741958618164
427 0.69785118103
427 0.808954238892
427 0.782012939453
427 0.778913497925
427 0.710964202881
427 0.711917877197
427 0.730037689209
427 0.818967819214
427 0.722169876099
427 0.703811645508
427 0.71907043457
427 0.72193145752
427 0.975131988525
427 0.722885131836
427 0.746965408325
427 0.696897506714
427 0.763177871704
427 0.711917877197
427 0.765085220337
427 0.813007354736
427 0.738859176636
427 0.689029693604
427 0.80394744873
427 0.724077224731
427 0.801086425781
427 0.730037689209
427 0.743865966797
427 0.698804855347
427 0.715017318726
427 0.715017318726
427 0.71382522583
427 0.712156295776
427 0.68998336792
427 0.696897506714
423 0.708103179932
423 0.739097595215
423 0.769853591919
423 0.773906707764
423 0.685930252075
423 0.769138336182
421 0.756025314331
421 0.715017318726
421 0.744104385376
421 0.757932662964
421 0.739097595215
421 0.788927078247
421 0.806093215942
421 0.810146331787
417 0.802040100098
417 0.0779628753662
417 0.771999359131
417 0.720024108887
417 0.718116760254
417 0.710010528564
417 0.68998336792
417 0.698089599609
417 0.731945037842
417 0.705003738403
417 0.728130340576
417 0.692844390869
417 0.808000564575
417 0.764131546021
417 0.700950622559
417 0.782012939453
417 0.75101852417
417 0.760078430176
417 0.725030899048
417 0.698089599609
417 0.720977783203
417 0.793933868408
417 0.724077224731
417 0.70595741272
410 0.727891921997
410 0.693082809448
405 0.697135925293
405 0.710964202881
405 0.688076019287
405 0.788927078247
405 0.735998153687
405 0.702857971191
405 0.669002532959
405 0.700950622559
405 0.723838806152
405 0.696897506714
405 0.705003738403
405 0.704050064087
405 0.71382522583
405 0.728845596313
405 0.678777694702
405 0.740051269531
405 0.715970993042
