4175 3.52191925049
4175 2.0968914032
4172 1.46412849426
4130 1.58214569092
4130 1.63292884827
4129 1.56807899475
4122 1.50299072266
4100 1.4820098877
4100 1.44195556641
4098 1.49893760681
4091 1.4500617981
4058 1.47199630737
4058 1.41716003418
3993 1.90281867981
3968 2.36201286316
3950 1.97792053223
3938 1.92189216614
3938 1.84607505798
3938 1.92499160767
3937 1.99103355408
3921 1.85799598694
3921 1.68609619141
3921 1.56402587891
3897 1.84988975525
3897 1.74808502197
3888 1.61480903625
3888 1.45792961121
3885 1.40404701233
3864 1.43098831177
3864 1.49703025818
3864 1.45387649536
3864 1.44815444946
3864 1.38115882874
3858 1.37305259705
3858 1.69897079468
3858 1.43504142761
3858 1.47390365601
3806 1.52993202209
3806 1.43003463745
3769 1.43218040466
3757 1.44696235657
3721 1.43814086914
3721 1.45697593689
3714 1.42502784729
3714 1.41596794128
3714 1.39880180359
3712 1.61099433899
3712 1.45792961121
3712 1.48701667786
3704 1.48797035217
3704 1.5709400177
3704 1.50585174561
3704 1.4181137085
3697 1.46007537842
3613 1.48010253906
3613 1.42502784729
3588 1.55997276306
3584 1.47604942322
3567 1.50203704834
3544 1.46698951721
3532 8.82911682129
3520 1.44696235657
3520 1.56497955322
3496 2.26306915283
3495 2.21800804138
3495 1.8789768219
3481 1.90591812134
3481 1.94191932678
3481 1.66797637939
3481 1.58786773682
3469 1.55401229858
3469 1.50108337402
3469 1.40690803528
3469 1.46913528442
3469 1.43909454346
3464 1.40500068665
3464 1.5230178833
3458 1.4009475708
3446 1.44600868225
3446 1.48797035217
3446 1.48701667786
3422 1.46102905273
3405 1.94501876831
3403 1.49297714233
3403 1.61695480347
3403 1.57690048218
3403 1.63793563843
3399 1.67298316956
3397 1.59406661987
3396 1.55186653137
3396 1.51085853577
3359 1.4979839325
3359 0.0920295715332
3348 1.60098075867
3348 1.64008140564
3335 1.50394439697
3335 1.48487091064
3335 1.56807899475
3335 1.4500617981
3323 1.52707099915
3323 1.45506858826
3323 1.46198272705
3323 1.51896476746
3323 1.47008895874
3323 1.43194198608
3282 1.53708457947
3273 1.57594680786
3273 2.18415260315
3262 1.50179862976
3262 1.61004066467
3262 1.62506103516
3262 2.04515457153
3262 2.79402732849
3259 2.59304046631
3259 1.87206268311
3257 1.68704986572
3257 1.63817405701
3257 1.67417526245
3241 1.60193443298
3241 1.5561580658
3241 1.39808654785
3241 1.36208534241
3241 1.5389919281
3221 1.49989128113
3221 1.48487091064
3221 1.47199630737
3221 1.49297714233
3218 1.4169216156
3215 1.5230178833
3205 1.46985054016
3189 1.46102905273
3184 1.38998031616
3184 1.36399269104
3184 1.96504592896
3184 2.1870136261
3184 2.27189064026
3184 2.04300880432
3184 2.18200683594
3184 2.37011909485
3169 1.87301635742
3169 1.84106826782
3169 1.85203552246
3169 1.71804428101
3169 1.60384178162
3169 1.60789489746
3169 1.44290924072
3169 1.47318840027
3169 1.43694877625
3168 1.40500068665
3168 1.36399269104
3154 1.33609771729
3154 2.0649433136
3154 2.28595733643
3154 1.9359588623
3154 1.92093849182
3115 1.95288658142
3113 1.82199478149
3102 1.56784057617
3102 1.629114151
3097 1.59692764282
3097 1.59502029419
3097 1.45101547241
3033 1.44696235657
3033 1.60098075867
3033 1.44505500793
3033 1.36303901672
3020 0.149011611938
3020 1.38592720032
3020 1.7991065979
3018 2.32100486755
3009 2.23183631897
3009 1.87706947327
3007 2.07090377808
3000 1.84798240662
3000 1.87611579895
3000 1.79982185364
3000 1.61910057068
3000 1.5709400177
3000 1.54900550842
3000 1.41310691833
3000 1.36280059814
2993 1.41501426697
2993 1.46794319153
2993 1.48391723633
2981 1.46198272705
2981 1.47986412048
2981 1.50680541992
2981 1.52397155762
2981 1.4910697937
2956 1.50012969971
2956 1.35803222656
2950 1.38187408447
2950 1.4009475708
2950 1.45888328552
2950 1.51515007019
2939 2.24709510803
2939 2.18796730042
2939 1.91617012024
2921 1.9679069519
2921 1.88207626343
2921 1.86800956726
2921 1.65581703186
2910 1.68299674988
2910 1.52611732483
2888 1.80006027222
2888 1.87277793884
2883 1.620054245
2883 1.51300430298
2883 1.46102905273
2883 1.39093399048
2883 1.38688087463
2883 1.50895118713
2883 1.37400627136
2883 1.47485733032
2880 1.41000747681
2880 2.24685668945
2880 1.83796882629
2880 1.46102905273
2874 1.43504142761
2874 1.43599510193
2874 1.35588645935
2874 1.60193443298
2874 2.29501724243
2874 2.19297409058
2874 2.03585624695
2865 1.93500518799
2865 1.88612937927
2865 1.93190574646
2846 1.81078910828
2846 1.59907341003
2815 1.59001350403
2810 1.51205062866
2810 1.41406059265
2810 1.35087966919
2810 1.58405303955
2810 1.51300430298
2810 1.46913528442
2810 1.41596794128
2810 1.40810012817
2810 1.46007537842
2810 0.0660419464111
2809 1.54900550842
2809 1.47604942322
2809 1.47008895874
2809 1.39999389648
2809 1.41596794128
2809 1.59692764282
2809 2.31194496155
2805 2.14600563049
2805 1.93095207214
2805 1.92308425903
2805 1.95693969727
2805 1.59788131714
2805 1.62410736084
2801 1.55019760132
2801 1.59001350403
2801 1.48105621338
2801 1.4820098877
2778 1.44696235657
2778 1.43384933472
2762 1.43599510193
2762 1.40285491943
2762 1.36804580688
2762 1.47604942322
2762 1.49393081665
2762 1.45196914673
2762 1.38807296753
2743 1.95717811584
2743 2.43401527405
2743 2.2931098938
2743 2.01892852783
2720 1.93905830383
2713 1.92999839783
2713 1.78813934326
2713 1.59692764282
2711 1.70993804932
2700 1.60503387451
2700 1.58190727234
2700 1.50489807129
2681 1.48892402649
2681 1.4009475708
2678 1.42812728882
2678 1.47390365601
2678 1.46794319153
2676 1.45506858826
2676 1.45483016968
2676 1.43909454346
2676 2.19011306763
2676 2.35986709595
2676 2.03514099121
2676 1.85489654541
2676 1.84798240662
2676 9.24706459045
2676 1.49917602539
2676 1.42812728882
2676 1.45292282104
2671 1.94215774536
2651 2.41303443909
2651 1.97005271912
2651 1.90687179565
2651 2.49409675598
2651 2.00891494751
2651 1.88708305359
2651 1.92093849182
2643 1.72901153564
2628 1.61814689636
2628 1.53207778931
2628 1.40190124512
2628 1.50203704834
2628 1.50299072266
2626 1.45697593689
2585 1.50799751282
2585 1.40309333801
2574 1.39594078064
2574 2.29001045227
2553 2.33197212219
2553 1.93786621094
2511 1.87015533447
2511 1.89304351807
2511 1.77097320557
2511 1.61600112915
2505 1.62792205811
2491 1.54113769531
2491 2.03990936279
2491 2.24089622498
2474 1.90210342407
2474 1.88899040222
2474 1.91402435303
2474 1.65891647339
2456 1.64008140564
2456 1.64198875427
2456 1.67083740234
2456 1.56593322754
2456 1.42407417297
2456 1.43504142761
2456 1.43313407898
2456 1.42288208008
2456 1.33013725281
2456 1.39284133911
2456 2.07018852234
2456 2.31194496155
2456 2.00200080872
2456 2.03990936279
2456 1.91807746887
2456 1.80101394653
2456 1.57999992371
2445 1.56188011169
2445 1.42598152161
2445 1.53303146362
2445 1.46698951721
2428 1.44219398499
2420 1.41406059265
2409 1.42693519592
2409 1.384973526
2404 1.61504745483
2401 2.35891342163
2401 2.21800804138
2401 1.87301635742
2398 1.94787979126
2398 1.92809104919
2398 1.61814689636
2398 1.62100791931
2398 1.48916244507
2383 1.41596794128
2381 1.40905380249
2381 1.38211250305
2381 1.41286849976
2378 1.34491920471
2378 1.38688087463
2378 1.53183937073
2378 1.48105621338
2373 1.47104263306
2373 1.48296356201
2373 1.57499313354
2373 1.70397758484
2373 1.55282020569
2373 1.51801109314
2373 1.44290924072
2373 1.45721435547
2373 1.49393081665
2373 1.47318840027
2370 1.45697593689
2358 1.46818161011
2358 1.44696235657
2351 1.58905982971
2337 1.51801109314
2317 1.54304504395
2313 1.54900550842
2313 1.51896476746
2313 1.62696838379
2313 2.26902961731
2304 1.788854599
2304 1.58905982971
2304 1.47700309753
2304 1.48916244507
2304 1.49393081665
2300 1.55115127563
2300 1.59096717834
2300 1.51491165161
2300 1.56497955322
2300 2.01606750488
2300 1.55806541443
2300 1.64580345154
2300 1.52397155762
2300 1.65009498596
2300 1.64604187012
2251 1.60098075867
2246 1.64890289307
2246 1.64604187012
2246 1.54995918274
2241 1.84798240662
2234 1.56617164612
2234 1.48010253906
2231 1.56402587891
2224 1.52492523193
2224 1.58190727234
2224 1.57904624939
2223 1.73306465149
2223 1.45387649536
2223 1.92785263062
2223 1.57308578491
2223 1.54590606689
2223 1.65700912476
2223 1.60598754883
2213 1.54495239258
2213 1.51300430298
2213 1.56712532043
2213 1.61600112915
2213 1.73401832581
2213 1.55591964722
2213 1.49297714233
2213 1.84488296509
2213 1.51801109314
2213 1.4169216156
2208 1.38592720032
2208 1.99007987976
2199 1.71399116516
2199 1.49893760681
2199 1.87206268311
2199 1.89805030823
2199 2.04396247864
2199 1.67894363403
2199 1.7249584198
2199 1.79195404053
2199 1.70803070068
2199 1.64604187012
2187 1.53207778931
2147 1.64389610291
2136 1.66821479797
2136 1.95503234863
2136 2.08616256714
2136 1.7671585083
2136 1.53398513794
2136 1.45483016968
2136 1.68704986572
2136 1.4591217041
2136 1.44505500793
2124 1.94811820984
2124 2.01392173767
2112 1.85704231262
2098 1.70397758484
2098 1.54805183411
2098 1.58405303955
2091 1.63984298706
2091 1.59692764282
2091 1.76000595093
2083 1.83701515198
2083 1.82509422302
2074 2.13813781738
2071 1.76000595093
2071 1.54089927673
2071 1.57785415649
2071 1.70993804932
2069 1.62315368652
2069 1.69610977173
2069 1.82294845581
2069 1.53803825378
2069 1.71589851379
2069 2.14290618896
2069 1.89805030823
2059 1.9838809967
2059 2.12907791138
2059 1.61004066467
2059 1.43003463745
2059 1.50203704834
2059 1.63006782532
2059 1.56998634338
2041 1.54304504395
2041 1.70993804932
2035 1.708984375
2035 1.47891044617
2035 1.52397155762
2035 1.80816650391
2035 1.69682502747
2035 1.51920318604
2035 1.79576873779
2035 1.48797035217
2035 1.71208381653
2035 1.46508216858
2035 1.45220756531
2035 1.4820098877
2035 1.69110298157
2035 1.60098075867
2035 1.54399871826
2035 1.62291526794
2035 1.67489051819
1989 1.59096717834
1989 1.51801109314
1989 1.82104110718
1989 1.94692611694
1989 0.0698566436768
1978 1.54709815979
1978 1.49202346802
1978 1.48916244507
1976 1.47008895874
1969 1.49297714233
1969 1.66511535645
1969 1.65605545044
1969 1.47819519043
1969 1.45697593689
1969 1.98006629944
1969 2.04110145569
1969 11.0280513763
1969 1.92594528198
1969 2.15101242065
1969 2.07901000977
1969 2.02608108521
1969 1.63388252258
1969 1.63507461548
1961 1.73902511597
1961 1.64008140564
1954 1.70397758484
1954 1.57189369202
1954 1.63817405701
1954 1.49297714233
1954 1.51491165161
1954 1.57999992371
1944 1.48487091064
1944 1.54995918274
1944 1.51395797729
1935 1.60789489746
1935 1.53017044067
1935 1.63698196411
1922 1.8630027771
1922 1.45697593689
1918 1.48701667786
1918 1.38592720032
1918 1.42097473145
1918 1.56307220459
1915 1.75189971924
1915 1.65510177612
1915 1.58405303955
1913 1.5549659729
1894 1.55901908875
1894 1.86204910278
1884 1.47318840027
1884 1.43790245056
1884 1.45888328552
1879 1.50990486145
1879 1.44100189209
1879 1.51181221008
1879 1.44600868225
1879 1.40404701233
1879 1.45077705383
1879 1.41382217407
1879 1.4340877533
1879 2.37798690796
1879 2.40802764893
1879 1.87397003174
1879 1.84392929077
1879 2.11119651794
1879 3.38816642761
1879 3.03602218628
1879 2.24590301514
1879 1.8949508667
1877 1.6131401062
1877 1.43909454346
1877 1.4340877533
1873 1.46985054016
1870 1.37782096863
1868 1.67798995972
1868 2.19798088074
1868 2.16579437256
1847 1.92594528198
1847 1.85394287109
1836 1.9109249115
1836 1.6188621521
1836 1.56784057617
1836 1.50489807129
1836 1.47414207458
1836 1.43098831177
1836 1.39188766479
1834 1.50895118713
1834 1.53183937073
1832 1.56188011169
1822 2.31695175171
1822 2.12097167969
1822 1.86800956726
1822 1.86085700989
1818 1.88112258911
1818 1.61790847778
1818 1.92189216614
1818 1.64723396301
1814 1.61194801331
1813 1.51085853577
1813 1.50799751282
1813 1.45196914673
1807 1.48987770081
1807 1.55401229858
1793 1.37901306152
1780 1.46007537842
1780 1.46794319153
1780 1.56998634338
1767 1.52993202209
1767 1.49917602539
1767 1.384973526
1767 1.48296356201
1765 1.36709213257
1765 1.46484375
1762 1.4750957489
1762 1.52802467346
1762 1.46698951721
1762 1.47008895874
1757 1.54209136963
1757 1.44100189209
1757 1.43694877625
1747 1.37305259705
1747 1.42312049866
1747 1.39403343201
1740 1.41882896423
1740 1.43599510193
1735 1.41787528992
1735 1.42192840576
1735 1.40595436096
1735 1.55210494995
1735 1.59907341003
1735 2.25591659546
1728 2.09212303162
1728 1.90901756287
1728 0.164031982422
1728 1.89185142517
1728 1.61480903625
1728 1.54709815979
1722 1.58095359802
1722 1.53803825378
1722 1.64389610291
1709 1.66606903076
1709 1.68490409851
1706 1.64103507996
1706 1.56712532043
1706 1.56903266907
1705 1.48487091064
1705 1.48606300354
1705 2.20680236816
1705 1.98602676392
1705 1.53207778931
1705 0.1540184021
1704 1.43694877625
1698 1.46508216858
1698 1.37710571289
1698 1.53398513794
1692 2.09712982178
1692 2.26187705994
1692 1.94406509399
1692 1.96003913879
1692 2.09593772888
1692 1.953125
1692 1.88994407654
1692 1.93786621094
1692 1.80697441101
1692 1.64103507996
1692 1.55305862427
1686 1.49083137512
1682 1.38807296753
1682 1.45196914673
1682 1.49917602539
1682 1.4808177948
1679 1.45292282104
1679 1.41191482544
1673 1.50299072266
1673 1.77884101868
1673 1.49011611938
1673 1.51395797729
1673 2.18915939331
1660 1.95002555847
1645 1.70302391052
1645 1.5389919281
1645 1.48797035217
1643 1.45506858826
1633 1.64794921875
1633 1.65796279907
1633 1.89018249512
1633 1.5869140625
1633 1.93119049072
1633 1.69610977173
1629 1.80602073669
1629 1.55687332153
1627 1.44600868225
1616 1.47294998169
1616 1.68490409851
1616 1.80506706238
1616 1.50585174561
1616 1.50895118713
1616 1.46579742432
1610 1.53279304504
1610 1.56092643738
1610 1.4820098877
1610 1.42908096313
1610 1.45602226257
1598 1.36089324951
1598 1.45602226257
1598 1.78813934326
1598 1.47986412048
1598 1.48415565491
1598 2.16007232666
1598 1.4660358429
1598 1.61004066467
1598 1.43504142761
1598 1.45077705383
1598 1.4328956604
1597 1.40786170959
1577 1.6930103302
1577 1.54805183411
1577 1.54399871826
1577 2.20394134521
1577 2.87580490112
1577 1.80411338806
1577 1.50609016418
1577 1.46698951721
1577 1.51181221008
1574 1.71279907227
1570 1.77001953125
1570 1.54995918274
1570 1.5389919281
1570 1.45196914673
1570 1.48582458496
1570 1.46508216858
1570 1.42002105713
1565 1.47008895874
1565 1.384973526
1565 1.48606300354
1565 1.49607658386
1565 1.53207778931
1565 1.62291526794
1562 1.43790245056
1562 1.47604942322
1562 1.44600868225
1562 1.4967918396
1562 1.52111053467
1556 1.49202346802
1556 1.4979839325
1556 1.9850730896
1556 1.62506103516
1556 9.28592681885
1556 1.48892402649
1556 1.48797035217
1556 1.54900550842
1553 1.55305862427
1553 1.73878669739
1553 1.56903266907
1546 1.45602226257
1546 1.45220756531
1546 1.48487091064
1546 1.49607658386
1546 1.49893760681
1546 1.52397155762
1546 1.48296356201
1546 1.42312049866
1544 1.45292282104
1544 1.50108337402
1544 1.44791603088
1544 1.58309936523
1544 2.01106071472
1544 2.37703323364
1544 1.98101997375
1544 0.134944915771
1544 1.77192687988
1544 1.43694877625
1544 1.53183937073
1544 1.61194801331
1544 1.49893760681
1544 1.48487091064
1544 1.50299072266
1544 1.41906738281
1544 1.51491165161
1544 1.47008895874
1544 1.43194198608
1541 1.44600868225
1541 1.45483016968
1541 1.62196159363
1541 1.42097473145
1541 1.58596038818
1541 1.48606300354
1541 1.42407417297
1541 1.48797035217
1541 1.43003463745
1541 1.47604942322
1538 1.43599510193
1538 1.46412849426
1538 1.39713287354
1538 1.45697593689
1538 1.46389007568
1534 1.45387649536
1534 1.44505500793
1534 1.47199630737
1534 1.40595436096
1534 1.45101547241
1534 1.42002105713
1534 1.4328956604
1534 1.44100189209
1534 1.47891044617
1534 1.43599510193
1534 1.43814086914
1534 1.42288208008
1534 1.50489807129
1534 1.40905380249
1534 1.40309333801
1534 1.43694877625
1534 1.47294998169
1534 1.53994560242
1534 2.3889541626
1529 2.19297409058
1529 2.03895568848
1529 1.92999839783
1529 1.89399719238
1494 1.94883346558
1494 1.60098075867
1494 1.63984298706
1494 1.72901153564
1494 1.4660358429
1494 1.4660358429
1494 1.45721435547
1483 1.45983695984
1483 1.88994407654
1483 1.49393081665
1483 1.42788887024
1483 1.43003463745
1483 1.36208534241
1483 1.44290924072
1478 1.47294998169
1470 1.44910812378
1467 1.45697593689
1467 1.50918960571
1462 1.58286094666
1462 1.86514854431
1462 1.70111656189
1462 2.02488899231
1462 1.86705589294
1462 1.92499160767
1462 1.89614295959
1462 1.92189216614
1462 1.95503234863
1462 2.05492973328
1456 1.6930103302
1456 1.6040802002
1456 1.47199630737
1452 1.45602226257
1452 1.5070438385
1452 1.54209136963
1452 1.45792961121
1452 1.46389007568
1452 1.45483016968
1452 1.51491165161
1452 1.54495239258
1452 1.49893760681
1452 1.47700309753
1452 1.49583816528
1452 1.48105621338
1452 1.51801109314
1452 1.44195556641
1452 1.49321556091
1452 1.49297714233
1452 1.44100189209
1452 1.50990486145
1452 1.46484375
1443 1.65987014771
1443 1.43504142761
1443 1.47914886475
1441 1.85585021973
1437 1.9211769104
1437 1.82700157166
1429 1.84798240662
1429 1.64008140564
1429 1.61290168762
1429 1.62410736084
1429 1.48487091064
1421 1.50799751282
1421 1.51991844177
1421 1.46079063416
1421 1.52587890625
1421 1.50179862976
1421 1.50990486145
1421 1.47294998169
1421 2.38490104675
1421 2.02989578247
1421 1.51705741882
1421 1.54399871826
1421 1.65510177612
1421 1.79600715637
1421 1.66511535645
1421 1.66702270508
1421 1.47104263306
1421 1.49393081665
1421 1.43098831177
1421 1.43909454346
1421 1.64103507996
1421 1.49703025818
1421 1.5709400177
1421 1.46198272705
1421 1.44410133362
1421 1.42884254456
1421 1.51300430298
1421 1.45101547241
1421 1.41096115112
1420 1.43313407898
1416 1.52802467346
1416 1.55282020569
1416 1.50489807129
1416 1.57594680786
1416 1.44100189209
1416 1.46508216858
1416 1.49393081665
1416 1.55591964722
1416 1.49083137512
1416 1.44004821777
1416 1.37400627136
1416 1.44982337952
1416 1.55305862427
1416 1.45602226257
1414 1.4431476593
1413 1.43098831177
1413 1.49893760681
1413 1.42407417297
1413 1.4340877533
1413 1.47390365601
1413 1.45196914673
1413 1.44982337952
1413 1.44720077515
1413 2.17890739441
1413 2.30097770691
1413 1.94787979126
1413 1.81007385254
1413 1.59287452698
1413 1.59406661987
1386 1.45196914673
1386 1.44791603088
1386 1.42097473145
1386 2.14695930481
1386 2.64692306519
1386 2.10690498352
1377 2.23612785339
1377 2.21490859985
1377 1.95503234863
1377 1.86800956726
1377 1.89900398254
1377 1.91283226013
1377 1.61790847778
1377 1.59096717834
1353 1.89709663391
1353 1.77693367004
1353 1.88207626343
1353 1.98006629944
1353 1.79100036621
1353 1.55305862427
1353 2.67314910889
1353 3.830909729
1352 2.01296806335
1352 1.45506858826
1352 1.52897834778
1352 1.46889686584
1352 1.48415565491
1352 1.49989128113
1352 1.50799751282
1351 1.58214569092
1351 1.38711929321
1351 1.44004821777
1351 1.84893608093
1351 1.81198120117
1351 1.708984375
1351 1.53493881226
1347 1.50299072266
1347 1.58500671387
1343 2.28500366211
1343 14.6918296814
1327 1.78122520447
1327 1.90401077271
1327 1.49011611938
1327 1.57499313354
1327 1.65104866028
1327 1.63412094116
1327 1.53183937073
1327 1.67608261108
1327 1.56188011169
1327 1.47080421448
1327 1.49703025818
1327 1.57308578491
1327 1.5389919281
1327 1.53803825378
1327 2.09784507751
1327 2.4631023407
1327 2.49290466309
