1044 0.869989395142
1044 0.547885894775
1019 0.383853912354
959 0.3821849823
959 0.0238418579102
946 0.365972518921
937 0.369071960449
931 0.357151031494
931 0.358819961548
929 0.366926193237
929 0.37693977356
899 0.381946563721
899 0.34499168396
890 0.367879867554
890 0.363111495972
863 0.355005264282
863 0.363111495972
863 0.45919418335
863 0.365018844604
843 0.365018844604
843 0.365018844604
843 0.355005264282
843 0.399827957153
843 0.396966934204
843 0.366926193237
824 0.355958938599
824 0.357866287231
813 0.37693977356
751 0.345945358276
745 0.33712387085
745 0.339984893799
745 0.395774841309
745 0.341892242432
743 0.332117080688
743 0.359058380127
743 0.365972518921
743 0.35285949707
733 0.355958938599
733 0.360012054443
733 0.353813171387
700 0.353097915649
673 0.352144241333
673 0.349998474121
673 0.361204147339
664 0.350952148438
664 0.333070755005
664 0.0381469726562
664 0.329971313477
664 0.331878662109
660 0.341892242432
660 0.461101531982
660 0.355005264282
660 0.367164611816
654 0.364065170288
634 0.396013259888
634 0.38480758667
617 0.353097915649
592 0.36883354187
581 0.355005264282
578 0.369071960449
578 0.364065170288
578 0.36883354187
566 0.370025634766
548 0.372886657715
548 0.504016876221
548 0.640869140625
548 0.591993331909
548 0.571966171265
548 0.586986541748
548 0.0631809234619
548 0.562906265259
548 0.543117523193
548 0.434875488281
548 0.465869903564
541 0.481128692627
533 0.401020050049
533 0.391006469727
527 0.464200973511
514 0.457048416138
514 0.461101531982
512 0.463008880615
512 0.454902648926
512 0.459909439087
512 0.462055206299
512 0.477075576782
512 0.0550746917725
512 0.447988510132
512 0.394105911255
511 0.39005279541
510 0.396013259888
507 0.514030456543
506 0.41389465332
506 0.407218933105
506 0.396013259888
506 0.3981590271
506 0.404834747314
506 0.396966934204
506 0.400066375732
506 0.386953353882
497 0.395059585571
497 0.375986099243
497 0.340223312378
497 0.346183776855
497 0.427007675171
497 0.418901443481
497 0.410079956055
497 0.401973724365
497 0.394105911255
486 0.386953353882
486 0.34499168396
486 0.424146652222
486 0.38480758667
486 0.349998474121
486 0.360012054443
486 0.355958938599
486 0.360012054443
486 0.349044799805
486 0.347137451172
486 0.341176986694
486 0.375986099243
486 0.349044799805
486 0.345945358276
486 0.341892242432
486 0.356912612915
486 0.344038009644
482 0.344038009644
482 0.34499168396
482 0.343084335327
482 0.34499168396
477 0.339984893799
452 0.346899032593
452 0.330924987793
451 0.530004501343
451 0.652074813843
451 0.597953796387
451 0.581026077271
451 0.604867935181
451 0.596046447754
441 0.674962997437
436 0.519990921021
436 0.46706199646
430 0.487089157104
430 0.45919418335
430 0.535011291504
430 0.538110733032
430 0.472068786621
428 0.597953796387
428 0.488042831421
424 0.493049621582
423 0.549077987671
403 0.527143478394
403 0.521898269653
403 0.511884689331
403 0.534057617188
403 0.520944595337
390 0.529050827026
390 0.416994094849
389 0.431060791016
389 0.426054000854
388 0.420093536377
388 0.431060791016
388 0.449895858765
388 0.498056411743
388 0.416994094849
388 0.501871109009
388 0.461101531982
386 0.363111495972
386 0.359773635864
386 0.367164611816
386 0.411033630371
385 0.395059585571
384 0.409126281738
384 0.397920608521
384 0.385999679565
384 0.39005279541
384 0.372886657715
384 0.396966934204
384 0.395059585571
384 0.407218933105
384 0.0350475311279
384 0.39005279541
382 0.483989715576
382 0.42986869812
382 0.375986099243
379 0.363826751709
379 0.385999679565
379 0.369071960449
379 0.380039215088
379 0.365018844604
373 0.364065170288
373 0.37407875061
370 0.0309944152832
370 0.360012054443
370 0.36096572876
370 0.364065170288
368 0.359058380127
368 0.365018844604
368 0.363111495972
368 0.367879867554
368 0.354051589966
362 0.374794006348
362 0.355005264282
357 0.360012054443
357 0.359058380127
357 0.406980514526
357 0.362873077393
357 0.368118286133
357 0.373125076294
357 0.363826751709
357 0.371932983398
357 0.357866287231
357 0.385999679565
357 0.400066375732
357 0.370979309082
357 0.358819961548
357 0.364065170288
357 0.0238418579102
357 0.37693977356
357 0.343084335327
354 0.351190567017
354 0.349998474121
354 0.334978103638
354 0.342845916748
354 0.333070755005
354 0.342130661011
354 0.339984893799
354 0.494003295898
351 0.607013702393
351 0.579833984375
351 0.381946563721
351 0.368118286133
351 0.371932983398
349 0.368118286133
349 0.372171401978
349 0.362873077393
349 0.366926193237
349 0.36096572876
349 0.367879867554
349 0.341892242432
349 0.348091125488
349 0.347852706909
349 0.34499168396
349 0.339031219482
349 0.382900238037
341 0.339984893799
341 0.342845916748
341 0.391006469727
329 0.352144241333
317 0.351905822754
317 0.337839126587
317 0.364065170288
317 0.353097915649
317 0.356912612915
317 0.349998474121
317 0.355005264282
317 0.354051589966
304 0.441074371338
304 0.591993331909
304 0.595092773438
304 0.576019287109
304 0.515937805176
304 0.477075576782
304 0.0321865081787
304 0.466108322144
302 0.463008880615
302 0.46706199646
302 0.470876693726
294 0.468969345093
294 0.518083572388
294 0.627040863037
294 0.47492980957
294 0.483989715576
292 0.477075576782
292 0.463962554932
292 0.464200973511
292 0.463008880615
289 0.48303604126
289 0.455856323242
289 0.456094741821
289 0.47492980957
289 0.468015670776
289 0.463008880615
289 0.494956970215
289 0.399112701416
289 0.396966934204
283 0.391006469727
277 0.403881072998
277 0.3981590271
277 0.393867492676
277 0.396966934204
275 0.400066375732
275 0.393867492676
275 0.404119491577
275 0.356912612915
275 0.370025634766
275 0.368118286133
275 0.35285949707
272 0.375032424927
272 0.375032424927
272 0.349998474121
272 0.355958938599
272 0.370979309082
265 0.396013259888
265 0.365972518921
265 0.381231307983
265 0.363111495972
263 0.37407875061
263 0.359058380127
263 0.370025634766
263 0.432968139648
263 0.542879104614
263 0.529050827026
262 0.585079193115
253 0.568866729736
253 0.545978546143
247 0.53596496582
247 0.583171844482
242 0.458955764771
242 0.459909439087
242 0.473976135254
242 0.46181678772
241 0.460863113403
241 0.466108322144
241 0.48303604126
241 0.466823577881
241 0.460147857666
241 0.482082366943
241 0.519990921021
241 0.518083572388
241 0.505924224854
241 0.421047210693
241 0.394105911255
241 0.389814376831
241 0.400066375732
241 0.405073165894
241 0.389814376831
241 0.399112701416
241 0.40078163147
241 0.410079956055
241 0.401973724365
241 0.362873077393
241 0.361919403076
241 0.365972518921
241 0.372886657715
241 0.359058380127
241 0.358819961548
241 0.406980514526
241 0.383853912354
241 0.373125076294
241 0.347852706909
241 0.372886657715
241 0.363111495972
241 0.371217727661
241 0.360012054443
240 0.36096572876
240 0.356912612915
240 0.0259876251221
240 0.492095947266
240 0.371217727661
240 0.362873077393
240 0.375032424927
240 0.361919403076
240 0.362873077393
236 0.365018844604
236 0.354051589966
236 0.363111495972
236 0.35285949707
236 0.355958938599
236 0.365972518921
236 0.367164611816
236 0.37407875061
235 0.339984893799
235 0.341176986694
235 0.37407875061
235 0.36096572876
235 0.36096572876
235 0.351190567017
235 0.349044799805
235 0.495910644531
235 0.637054443359
233 0.58388710022
233 0.563144683838
233 0.576019287109
233 0.569820404053
233 0.571012496948
233 0.518083572388
233 0.468015670776
233 0.457048416138
233 0.371932983398
233 0.37407875061
233 0.365018844604
233 0.362157821655
233 0.360012054443
233 0.358104705811
233 0.359058380127
233 0.385999679565
233 0.375986099243
233 0.0238418579102
233 0.373840332031
233 0.356912612915
233 0.350952148438
227 0.378131866455
227 0.345230102539
222 0.359058380127
222 0.34499168396
222 0.345945358276
222 0.339031219482
218 0.355005264282
218 0.350952148438
218 0.361919403076
216 0.560998916626
216 0.585079193115
213 0.602960586548
213 0.597953796387
213 0.582933425903
213 0.432014465332
213 0.371217727661
213 0.367164611816
213 0.370979309082
213 0.377178192139
213 0.358819961548
213 0.369071960449
213 0.375032424927
213 0.365018844604
213 0.361919403076
213 0.356912612915
213 0.370025634766
213 0.365972518921
213 0.354051589966
206 0.340938568115
206 0.341892242432
199 0.442028045654
199 0.37693977356
199 0.372171401978
199 0.370025634766
199 0.379085540771
199 0.362157821655
199 0.364065170288
199 0.370025634766
197 0.371932983398
196 0.355005264282
196 0.360012054443
196 0.354051589966
196 0.359773635864
196 0.354051589966
196 0.032901763916
196 0.346899032593
196 0.344038009644
196 0.352144241333
196 0.353097915649
196 0.350952148438
196 0.385999679565
196 0.347852706909
194 0.591993331909
194 0.595808029175
194 0.631093978882
194 0.494956970215
194 0.372886657715
194 0.365972518921
194 0.368118286133
194 0.357866287231
194 0.360012054443
194 0.370979309082
194 0.361919403076
194 0.370979309082
194 0.370979309082
194 0.35285949707
194 0.0319480895996
194 0.360012054443
194 0.361204147339
194 0.385999679565
194 0.339984893799
194 0.334978103638
194 0.341892242432
194 0.343799591064
194 0.344038009644
194 0.331878662109
194 0.331878662109
194 0.403881072998
194 0.361919403076
194 0.373840332031
194 0.338077545166
194 0.348091125488
194 0.401973724365
194 0.36096572876
194 0.359058380127
194 0.355005264282
194 0.350952148438
194 0.36883354187
192 0.365018844604
192 0.357866287231
192 0.350952148438
192 0.355958938599
192 0.344038009644
192 0.346183776855
192 0.349044799805
192 0.341892242432
192 0.0290870666504
192 0.339984893799
192 0.333070755005
192 0.342845916748
192 0.37407875061
192 0.372886657715
192 0.348806381226
192 0.33712387085
192 0.343084335327
192 0.365972518921
192 0.602006912231
192 0.0569820404053
192 0.591993331909
192 0.57315826416
191 0.580072402954
191 0.607967376709
191 0.585079193115
191 0.530004501343
191 0.362873077393
191 0.357151031494
191 0.353813171387
191 0.375032424927
191 0.349998474121
191 0.348091125488
191 0.344038009644
191 0.345945358276
191 0.421047210693
191 0.572919845581
191 0.571012496948
191 0.573873519897
191 0.595092773438
191 0.582933425903
182 0.597953796387
182 0.561952590942
182 0.481843948364
182 0.465869903564
182 0.468969345093
182 0.48303604126
182 0.471115112305
182 0.489950180054
182 0.466823577881
182 0.463962554932
182 0.471115112305
181 0.469923019409
181 0.462055206299
181 0.465869903564
181 0.45919418335
181 0.424861907959
181 0.409126281738
181 0.405073165894
181 0.40602684021
181 0.399112701416
181 0.385999679565
181 0.418901443481
181 0.406980514526
181 0.0400543212891
173 0.403165817261
173 0.40602684021
173 0.33712387085
173 0.359058380127
173 0.350952148438
173 0.342845916748
173 0.36096572876
173 0.378847122192
173 0.339984893799
173 0.356912612915
173 0.436067581177
173 0.396013259888
173 0.363111495972
173 0.364065170288
173 0.364065170288
173 0.360012054443
173 0.355005264282
173 0.36096572876
173 0.362873077393
173 0.372886657715
173 0.349998474121
173 0.330924987793
173 0.341892242432
173 0.39005279541
173 0.43797492981
172 0.350952148438
171 0.341892242432
171 0.382900238037
171 0.355005264282
171 0.350952148438
171 0.355958938599
171 0.359058380127
171 0.363111495972
171 0.365972518921
171 0.356912612915
171 0.362873077393
171 0.367879867554
171 0.334978103638
171 0.364065170288
171 0.351905822754
171 0.364065170288
171 0.342130661011
171 0.0190734863281
171 0.350952148438
171 0.357151031494
171 0.342130661011
170 0.352144241333
170 0.351905822754
170 0.345945358276
170 0.343799591064
170 0.339031219482
170 0.333070755005
170 0.334978103638
170 0.339031219482
170 0.341892242432
170 0.336885452271
167 0.357866287231
165 0.673055648804
165 0.591039657593
165 0.531911849976
165 0.032901763916
165 0.584840774536
165 0.584125518799
165 0.566959381104
163 0.581026077271
163 0.463008880615
163 0.468969345093
163 0.481128692627
163 0.514030456543
163 0.510931015015
163 0.495910644531
163 0.458002090454
163 0.525951385498
161 0.468969345093
161 0.45919418335
161 0.475883483887
161 0.462770462036
161 0.463962554932
161 0.46706199646
161 0.463008880615
161 0.471115112305
161 0.48303604126
161 0.476121902466
161 0.48303604126
143 0.484943389893
143 0.40602684021
143 0.391006469727
143 0.400066375732
143 0.397920608521
143 0.46706199646
143 0.402927398682
143 0.396966934204
143 0.3981590271
142 0.401020050049
142 0.409841537476
141 0.396013259888
141 0.400066375732
141 0.411033630371
141 0.394105911255
141 0.355958938599
141 0.370979309082
141 0.384092330933
141 0.359058380127
141 0.0379085540771
141 0.370979309082
141 0.356197357178
141 0.354051589966
141 0.357866287231
141 0.365972518921
141 0.364065170288
141 0.365018844604
141 0.369071960449
141 0.365018844604
141 0.363111495972
141 0.342845916748
141 0.346899032593
141 0.352144241333
141 0.350952148438
141 0.350952148438
139 0.350952148438
139 0.34499168396
139 0.351905822754
139 0.348091125488
139 0.3821849823
139 0.357866287231
139 0.345945358276
136 0.34499168396
136 0.340938568115
136 0.339031219482
136 0.35285949707
136 0.355005264282
130 0.348806381226
130 0.399112701416
130 0.352144241333
130 0.335931777954
130 0.347137451172
130 0.338792800903
130 0.363111495972
130 0.346183776855
130 0.349998474121
130 0.360012054443
130 0.348806381226
130 0.352144241333
130 0.370025634766
130 0.356912612915
130 0.349044799805
130 0.358104705811
130 0.345945358276
130 0.341176986694
130 0.355958938599
130 0.46706199646
130 0.348806381226
130 0.355958938599
130 0.379085540771
130 0.369071960449
130 0.359058380127
130 0.359058380127
130 0.348091125488
130 0.354051589966
130 0.345945358276
130 0.372886657715
130 0.375032424927
130 0.363826751709
130 0.360012054443
130 0.381946563721
130 0.375032424927
130 0.349044799805
130 0.349998474121
128 0.362873077393
128 0.344038009644
128 0.375032424927
128 0.355005264282
128 0.362873077393
128 0.357866287231
128 0.349044799805
128 0.350952148438
128 0.361919403076
128 0.356912612915
128 0.355958938599
128 0.348091125488
128 0.354051589966
128 0.354051589966
128 0.343084335327
128 0.380992889404
128 0.355958938599
128 0.360012054443
128 0.341892242432
128 0.334978103638
128 0.339031219482
128 0.341176986694
128 0.34499168396
128 0.349998474121
128 0.379085540771
128 0.34499168396
128 0.339984893799
128 0.344038009644
128 0.334024429321
128 0.351905822754
128 0.401020050049
128 0.401973724365
128 0.355005264282
127 0.354051589966
127 0.357151031494
127 0.355005264282
127 0.353097915649
127 0.355958938599
127 0.36096572876
127 0.0290870666504
127 0.353097915649
127 0.349044799805
127 0.365018844604
127 0.375986099243
127 0.351190567017
127 0.364065170288
127 0.373840332031
127 0.746965408325
127 0.603914260864
127 0.577926635742
127 0.577926635742
127 0.582933425903
127 0.58913230896
127 0.581979751587
127 0.484943389893
127 0.485181808472
127 0.47492980957
127 0.473022460938
127 0.470876693726
127 0.473976135254
127 0.473976135254
127 0.519990921021
127 0.47779083252
127 0.482797622681
127 0.466823577881
127 0.47492980957
127 0.466108322144
127 0.0410079956055
127 0.414848327637
127 0.409126281738
127 0.414848327637
127 0.403165817261
127 0.395774841309
127 0.402927398682
127 0.407934188843
127 0.397920608521
127 0.401973724365
127 0.397205352783
127 0.369071960449
127 0.361919403076
127 0.362873077393
127 0.373125076294
127 0.340938568115
127 0.396966934204
127 0.339031219482
127 0.334024429321
127 0.355958938599
126 0.365018844604
126 0.359773635864
126 0.363111495972
126 0.363111495972
126 0.350952148438
126 0.346899032593
126 0.355005264282
126 0.362157821655
126 0.356912612915
126 0.360012054443
126 0.349998474121
126 0.335216522217
126 0.343084335327
126 0.351905822754
126 0.345230102539
126 0.365018844604
126 0.36096572876
126 0.334978103638
126 0.341176986694
126 0.349998474121
126 0.334024429321
126 0.446081161499
126 0.349998474121
126 0.355005264282
126 0.348091125488
126 0.349998474121
126 0.02121925354
126 0.354051589966
126 0.384092330933
126 0.34499168396
126 0.349044799805
126 0.362873077393
126 0.349998474121
125 0.360012054443
125 0.347137451172
123 0.362157821655
123 0.368118286133
123 0.348091125488
123 0.385046005249
123 0.367164611816
123 0.370979309082
123 0.348091125488
123 0.350952148438
123 0.350952148438
123 0.345230102539
121 0.358104705811
121 0.352144241333
121 0.339031219482
121 0.339031219482
121 0.348091125488
121 0.351905822754
121 0.336170196533
121 0.344038009644
121 0.338077545166
121 0.33712387085
121 0.341176986694
121 0.33712387085
121 0.396966934204
121 0.34499168396
121 0.341892242432
121 0.369071960449
121 0.380992889404
121 0.351905822754
121 0.339984893799
121 0.341892242432
121 0.337839126587
121 0.363111495972
119 0.347137451172
119 0.368118286133
119 0.345945358276
119 0.358819961548
118 0.403881072998
118 0.369071960449
117 0.37407875061
117 0.363111495972
117 0.36883354187
117 0.344038009644
117 0.342130661011
117 0.340938568115
117 0.334978103638
117 0.418901443481
117 0.349044799805
117 0.392913818359
117 0.355958938599
117 0.357151031494
117 0.367879867554
117 0.357866287231
117 0.358104705811
117 0.354051589966
117 0.37693977356
117 0.347852706909
117 0.356912612915
117 0.359058380127
117 0.338077545166
117 0.332832336426
117 0.340938568115
117 0.355005264282
117 0.356912612915
117 0.336170196533
117 0.34499168396
117 0.354051589966
117 0.343084335327
117 0.341176986694
117 0.339031219482
117 0.388860702515
117 0.36096572876
117 0.367879867554
116 0.37693977356
116 0.35285949707
116 0.344038009644
116 0.349998474121
116 0.357151031494
116 0.351190567017
116 0.360012054443
116 0.357866287231
116 0.339031219482
116 0.34499168396
116 0.339984893799
116 0.336885452271
116 0.386953353882
116 0.362873077393
116 0.353813171387
116 0.349044799805
116 0.353813171387
116 0.355005264282
116 0.36096572876
116 0.380039215088
116 0.353813171387
116 0.366926193237
116 0.361919403076
116 0.353097915649
116 0.339031219482
116 0.334978103638
116 0.339984893799
116 0.360012054443
116 0.385046005249
116 0.347852706909
116 0.335931777954
116 0.345945358276
116 0.345945358276
116 0.339984893799
116 0.348091125488
114 0.353097915649
114 0.353813171387
114 0.350952148438
114 0.334978103638
114 0.0388622283936
114 0.351905822754
114 0.336885452271
114 0.380992889404
113 0.367879867554
113 0.339984893799
113 0.351905822754
113 0.337839126587
113 0.345945358276
113 0.345945358276
113 0.340938568115
113 0.331878662109
113 0.341176986694
113 0.336170196533
113 0.33712387085
113 0.363111495972
113 0.351905822754
113 0.359058380127
113 0.472068786621
113 0.365018844604
113 0.373840332031
113 0.347137451172
113 0.364065170288
113 0.373840332031
113 0.367879867554
113 0.39005279541
113 0.344038009644
113 0.344038009644
113 0.34499168396
113 0.346899032593
113 0.348806381226
113 0.37407875061
113 0.369071960449
113 0.0400543212891
113 0.352144241333
113 0.349998474121
113 0.378131866455
113 0.365018844604
113 0.33712387085
113 0.363111495972
113 0.417947769165
113 0.365972518921
113 0.371932983398
113 0.36096572876
113 0.355958938599
113 0.382900238037
113 0.355005264282
