595477 10895.8148956
595477 292.334079742
595477 279.940128326
595475 283.640146255
595475 282.416820526
595473 312.771081924
595471 880.246162415
595429 297.544956207
595429 322.204113007
595397 296.654939651
595391 811.287879944
595388 311.794996262
595381 284.027814865
595381 846.025943756
595378 284.881830215
595375 300.858020782
595375 883.781909943
595375 286.747217178
595372 276.487112045
595356 836.25793457
595356 289.662837982
595309 277.940988541
595309 824.913978577
595282 304.628133774
595282 308.632135391
595236 812.733888626
595230 299.654006958
595230 292.814016342
595212 298.989057541
595212 825.792074203
595212 301.651954651
595211 267.845869064
595208 828.52101326
595205 293.303012848
595205 273.660898209
595181 826.685905457
595162 307.012796402
595155 297.866106033
595155 281.366109848
595130 781.401157379
595087 298.110961914
595054 306.171894073
595054 827.112197876
594981 318.96686554
594981 296.807050705
594955 804.195165634
594946 306.114912033
594941 294.922113419
594852 813.066959381
594852 268.397092819
594835 299.662828445
594771 339.750051498
594771 752.846956253
594759 297.300815582
594719 301.379919052
594718 851.948976517
594713 306.987047195
594693 316.281080246
594669 821.072101593
594669 273.865938187
594667 289.895057678
594642 823.978900909
594642 288.334131241
594632 254.358053207
594632 296.270847321
594554 825.212001801
594553 297.293901443
594553 274.059057236
594553 808.655977249
594553 290.045022964
594553 276.825904846
594553 856.729030609
594552 284.61098671
594552 288.787126541
594546 837.239027023
594546 286.709070206
594484 311.890125275
594484 297.121047974
594484 808.951854706
594484 315.072059631
594423 307.893037796
594423 818.568944931
594396 301.419019699
594396 268.76616478
594396 298.941135406
594346 808.135986328
594318 271.998882294
594318 266.694068909
594318 805.47118187
594277 280.022144318
594252 304.600000381
594252 839.529037476
594252 300.384044647
594252 291.057825089
594231 846.447944641
594196 314.563035965
594196 284.964084625
594168 851.139068604
594167 299.940109253
594132 279.854059219
594132 309.656858444
594118 843.4278965
594053 313.050985336
594046 315.042972565
594046 821.026086807
594036 299.277067184
594034 306.442022324
594024 834.247112274
594024 326.678991318
594024 320.557117462
594010 805.037021637
593971 317.125797272
593971 297.663211823
593946 291.726827621
593927 865.233182907
593927 260.625839233
593915 316.169023514
593913 804.594039917
593884 309.053897858
593884 282.968044281
593884 804.673194885
593884 276.773929596
593884 309.272050858
593869 854.891061783
593858 289.129018784
593858 295.448064804
593815 781.579971313
593815 289.788961411
593808 294.528961182
593796 296.566009521
593753 829.784870148
593705 294.840097427
593665 339.390039444
593653 818.027973175
593653 273.31495285
593596 284.604072571
593596 809.098005295
593585 315.685987473
593585 312.968015671
593559 812.467098236
593545 313.685894012
593545 285.500049591
593545 287.786960602
593512 806.115150452
593512 275.232791901
593506 324.997901917
593506 804.436922073
593506 310.862064362
593493 313.035011292
593492 861.708879471
593492 273.051977158
593439 284.887075424
593404 817.284822464
593388 295.362949371
593388 269.490003586
593388 287.07408905
593388 885.296106339
593360 293.938875198
593323 286.886930466
593277 780.205965042
593260 299.009084702
593233 294.997930527
593233 296.622991562
593233 802.664995193
593233 293.49398613
593233 270.510911942
593193 833.188056946
593147 267.669200897
593136 325.511932373
593125 879.714012146
593125 272.143125534
593114 316.816091537
593108 898.335933685
593099 315.091133118
593071 299.171924591
593071 833.426952362
593071 304.697990417
593026 296.216964722
593013 299.127101898
593011 818.653821945
592997 316.593170166
592997 336.656093597
592997 809.080123901
592997 330.274105072
592984 305.493831635
592984 839.350938797
592984 300.631046295
592984 303.498029709
592976 789.857149124
592968 303.656101227
592951 297.209024429
592942 302.278995514
592932 764.313936234
592874 286.288976669
592874 330.341100693
592874 858.388900757
592856 290.065050125
592810 321.72203064
592773 840.803146362
592746 301.773071289
592746 315.501928329
592746 803.534984589
592720 293.987989426
592698 284.624099731
592698 870.506048203
592660 307.919025421
592651 279.283046722
592651 293.348073959
592606 816.945075989
592606 295.924901962
592606 277.704000473
592603 802.049875259
592603 315.016031265
592603 280.973911285
592558 787.020921707
592558 301.823139191
592527 312.011003494
592521 801.22089386
592504 305.232048035
592504 288.242101669
592495 322.058916092
592460 813.757896423
592439 311.743974686
592388 287.229061127
592334 820.48201561
592334 301.362037659
592334 309.674978256
592334 837.355852127
592322 307.251930237
592322 287.255048752
592322 842.070102692
592322 315.749168396
592322 273.131132126
592288 320.988893509
592241 850.311994553
592241 277.08697319
592176 284.710884094
592176 795.906066895
592176 267.024040222
592147 297.837972641
592147 265.606880188
592086 746.13904953
592058 269.541025162
592058 289.547920227
592058 729.996919632
592006 286.885023117
591958 310.709953308
591947 841.946125031
591930 276.164054871
591914 306.445837021
591914 879.307985306
591894 324.94020462
591852 291.600227356
591852 853.701114655
591848 283.63609314
591792 289.146900177
591792 288.275003433
591768 823.000192642
591746 320.792913437
591746 311.279058456
591735 817.364931107
591724 349.902868271
591724 287.772893906
591724 771.88706398
591708 300.714015961
591695 310.224056244
591695 874.747037888
591666 295.091867447
591659 285.03203392
591659 288.501024246
591659 830.981016159
591659 286.29899025
591650 299.206018448
591595 968.812942505
591595 306.087970734
591576 329.359054565
591558 785.489797592
591533 266.904115677
591533 298.011064529
591514 834.7260952
591514 329.653978348
591514 314.027786255
591514 811.866044998
591514 294.691085815
591514 287.720918655
591514 258.144140244
591465 889.55116272
591457 289.047956467
591457 330.767869949
591442 871.03509903
591387 288.295984268
591311 293.576002121
591311 826.78103447
591311 283.866882324
591310 288.83099556
591310 827.237844467
591310 280.154943466
591310 340.088129044
591290 304.328918457
591290 835.49284935
591288 292.562961578
591284 299.561977386
591284 816.856145859
591277 289.875984192
591277 278.264045715
591277 779.331922531
591277 292.032003403
591275 291.996002197
591275 834.053039551
591275 295.207023621
591275 298.06804657
591247 280.807971954
591247 783.150196075
591179 297.986030579
591169 287.832021713
591169 842.800140381
591151 310.060977936
591089 295.655965805
591003 295.776844025
591003 809.444904327
591003 278.481960297
590992 299.353122711
590974 829.433917999
590921 307.241916656
590911 293.787956238
590911 813.88092041
590911 290.687084198
590898 297.769069672
590898 806.806087494
590898 297.727108002
590847 293.581962585
590847 798.823833466
590788 307.972192764
590788 304.478883743
590779 276.738166809
590754 944.236040115
590754 327.925920486
590754 295.32790184
590734 1007.791996
590734 295.059919357
590706 275.954008102
590706 995.794057846
590706 328.552007675
590706 292.167186737
590700 796.029090881
590700 278.001070023
590684 296.634912491
590680 285.748004913
590680 1082.83185959
590679 283.96320343
590679 373.032093048
590632 877.483129501
590600 283.950090408
590590 327.651023865
590577 869.246959686
590572 260.262012482
590572 302.250146866
590572 869.221925735
590534 292.516946793
590522 321.564912796
590522 880.624055862
590522 299.138069153
590514 304.02803421
590514 259.329080582
590468 833.775043488
590451 286.627054214
590451 280.019044876
590451 815.054893494
590419 271.931886673
590397 314.526081085
590387 824.703931808
590331 291.06593132
590290 297.264814377
590290 820.845842361
590290 297.188997269
590290 298.825025558
590290 279.228925705
590290 798.504114151
590290 281.549930573
590290 292.192220688
590290 810.698986053
590290 287.56403923
590271 276.718854904
590271 858.954906464
590255 266.705036163
590173 284.868001938
590160 776.213884354
590149 286.608934402
590134 304.714202881
590120 288.507938385
590120 868.599176407
590120 271.55995369
590115 285.310029984
590115 875.273942947
590115 275.704860687
590115 304.457902908
590105 288.728952408
590082 809.494972229
590082 293.610811234
590082 278.999090195
590082 847.889900208
590053 314.214944839
590022 299.416065216
589966 831.385850906
589966 282.887935638
589932 284.976005554
589929 869.687080383
589907 295.44210434
589907 306.254863739
589906 848.619937897
589906 300.979852676
589857 323.832035065
589833 315.08398056
589833 850.701093674
589745 315.59419632
589733 282.732009888
589729 777.616977692
589695 295.655965805
589689 295.54104805
589689 808.079957962
589689 290.551900864
589689 253.832817078
589689 809.966087341
589689 306.367874146
589684 281.710147858
589684 300.682067871
589666 836.708068848
589666 265.013933182
589660 292.210102081
589660 806.030988693
589660 279.027938843
589660 300.103187561
589660 829.42199707
589618 313.336849213
589618 306.906938553
589601 858.289003372
589568 299.986839294
589568 284.160852432
589545 823.690891266
589477 284.476041794
589477 285.293102264
589429 286.025047302
589429 790.547847748
589429 313.855886459
589406 291.479110718
589406 808.768987656
589406 279.643058777
589338 308.995962143
589338 846.564769745
589335 286.492109299
589322 282.611846924
589322 852.020978928
589322 309.847831726
589256 294.77596283
589247 303.539991379
589226 821.38800621
589226 297.396183014
589226 293.558120728
589188 834.185838699
589187 300.59504509
589179 300.374984741
589166 745.409965515
589160 292.970895767
589160 268.359899521
589143 838.953018188
589143 311.131954193
589136 306.617021561
589122 297.117948532
589107 815.294981003
589068 291.105031967
589062 285.40802002
589062 855.030059814
589059 310.621976852
589059 289.668083191
589051 294.127941132
589051 803.683996201
589032 281.653165817
589032 285.034179688
588965 854.65502739
588965 299.053192139
588957 267.490148544
588921 805.480003357
588912 277.379989624
588912 282.482862473
588880 822.978019714
588799 290.443897247
588799 302.843093872
588755 829.747200012
588750 298.316955566
588739 275.541067123
588737 283.404111862
588737 770.473957062
588706 325.60300827
588706 280.003786087
588706 839.953899384
588674 272.597074509
588674 318.834781647
588618 868.221998215
588618 303.595066071
588618 292.785167694
588618 826.854228973
588618 306.502103806
588618 296.711921692
588618 283.322095871
588605 831.607103348
588605 305.485963821
588605 274.594068527
588596 880.737066269
588596 320.40309906
588562 321.319818497
588562 856.995105743
588562 278.584957123
588562 274.696826935
588559 778.026103973
588559 286.289930344
588559 307.751893997
588533 848.722934723
588533 294.181108475
588533 287.305116653
588525 294.367074966
588521 812.402963638
588520 268.084049225
588511 303.17401886
588511 815.37103653
588477 288.166999817
588477 301.485061646
588477 823.436975479
588477 290.004014969
588464 312.76512146
588447 861.994981766
588423 291.209936142
588423 289.486169815
588417 288.821935654
588417 848.896980286
588417 268.181800842
588386 274.548053741
588386 820.587158203
588351 329.273939133
588351 295.928001404
588316 833.348035812
588298 304.188013077
588255 288.83600235
588255 828.605890274
588253 306.623935699
588253 292.840003967
588253 314.628839493
588253 844.987869263
588251 303.743124008
588213 291.861057281
588193 831.825017929
588177 271.022796631
588177 302.049875259
588177 297.963857651
588123 861.845970154
588112 310.988903046
588101 290.562152863
588101 831.802129745
588101 316.242933273
588101 297.605991364
588101 768.719911575
588101 304.897069931
588101 292.232036591
588090 841.699838638
588090 287.706136703
588061 271.346092224
588045 844.69294548
588045 279.324054718
588038 314.078807831
588038 293.791055679
588020 770.070791245
588006 275.413990021
588006 302.503108978
587999 814.072132111
587990 274.574995041
587966 280.523061752
587966 772.147893906
587966 300.560951233
587939 312.978982925
587939 814.754962921
587939 307.867050171
587939 287.584066391
587930 286.576032639
587930 833.418130875
587930 260.740041733
587930 266.933917999
587930 799.784898758
587930 292.11807251
587929 278.45287323
587929 810.415029526
587929 304.159879684
587906 268.005847931
587893 815.596103668
587893 287.976980209
587887 277.271986008
587863 815.306186676
587843 322.434186935
587774 275.132894516
587761 301.80811882
587761 819.872140884
587761 307.556152344
587761 286.602020264
587761 787.534952164
587761 273.241996765
587718 295.845985413
587718 861.880064011
587711 304.128885269
587711 298.575878143
587711 832.958936691
587708 307.83700943
587708 304.859161377
587701 291.640996933
587701 861.696004868
587701 308.725833893
587701 288.25712204
587701 862.683057785
587696 302.485942841
587668 312.056064606
587650 819.363832474
587644 323.918104172
587639 324.187994003
587630 845.02196312
587630 278.258085251
587622 257.33590126
587607 265.039205551
587570 869.376182556
587570 299.089193344
587565 305.530071259
587505 906.327009201
587494 298.139810562
587487 301.377058029
587464 326.309919357
587453 840.010166168
587453 333.389043808
587416 323.56095314
587416 852.151870728
587416 276.700019836
587416 335.359096527
587416 860.464811325
587416 307.532072067
587416 276.301860809
587416 834.614992142
587404 319.98705864
587404 284.821033478
587404 881.395101547
587394 301.798820496
587377 293.160915375
587377 296.288013458
587377 848.201990128
587377 304.895877838
587349 285.072088242
587307 794.106006622
587307 293.122053146
587300 277.792930603
587300 832.7729702
587285 274.465084076
587285 298.014163971
587267 820.720911026
587212 283.973932266
587162 292.84119606
587143 276.489973068
587143 797.017097473
587132 255.656003952
587094 267.850875854
587043 834.190130234
587009 318.917989731
587009 328.900098801
587003 823.141098022
586989 306.257963181
586937 280.758857727
586937 874.356031418
586895 301.666975021
586868 290.493965149
586868 870.426177979
586868 277.799844742
586839 292.500019073
586839 274.736881256
586802 779.090881348
586789 281.683921814
586781 300.346136093
586758 849.449872971
586758 298.693180084
586757 303.112030029
586757 786.809921265
586749 301.316022873
586712 342.790126801
586712 869.954109192
586700 295.454978943
586678 280.646085739
586678 286.379098892
586672 855.250835419
586672 296.46897316
586621 291.763067245
586621 839.621067047
586612 319.578886032
586603 308.799982071
586569 825.500011444
586567 306.524991989
586555 288.445949554
586481 851.438045502
586422 277.278900146
586415 281.056880951
586415 304.102897644
586373 822.607040405
586373 311.653852463
586349 285.579919815
586349 820.060014725
586349 288.717985153
586349 316.49518013
586347 304.219007492
586347 797.63507843
586323 310.075044632
586299 283.599853516
586299 761.548995972
586299 284.172058105
586299 316.277980804
586299 806.559085846
586299 309.365987778
586299 290.733098984
586270 769.31810379
586264 289.145946503
586245 278.893947601
586245 790.823936462
586245 292.541980743
586231 313.359022141
586231 286.936044693
586223 811.037063599
586223 292.750835419
586223 309.463977814
586221 845.16787529
586196 262.072086334
586183 300.647974014
586169 862.783908844
586167 301.290035248
586167 308.576107025
586167 853.622913361
586138 273.909091949
586134 290.89307785
586127 299.884796143
586115 808.163881302
586115 285.222053528
586115 292.031049728
586115 801.054954529
586104 301.98597908
586068 306.399822235
586068 811.347007751
586046 286.859035492
585976 284.847021103
585937 813.563108444
585937 323.212146759
585937 257.148981094
585916 830.644845963
585916 302.521944046
585916 300.431966782
585916 296.950101852
585916 834.700107574
585916 298.756122589
585916 278.372049332
585912 863.085031509
585884 308.904886246
585884 307.259082794
585857 884.126186371
585839 323.376893997
585839 297.129869461
585839 815.819978714
585839 256.103992462
585826 287.650823593
585826 266.249895096
585790 844.439029694
585786 317.266941071
585771 288.638114929
585752 862.471103668
585733 324.839830399
585723 291.198015213
585723 878.235816956
585723 302.289962769
585717 291.707992554
585717 847.608089447
585717 263.936042786
585686 309.79013443
585667 297.369003296
585667 834.039926529
585655 296.166181564
585655 295.078039169
585655 781.918048859
585617 313.911914825
585608 305.685997009
585608 283.73503685
585598 771.497964859
585566 289.131164551
585566 291.719913483
585566 787.07408905
585552 313.07387352
585552 262.893915176
585552 842.777013779
585552 299.950838089
585552 301.610946655
585552 841.706037521
585538 292.69695282
585515 295.988082886
585515 793.561935425
585515 275.49290657
585509 297.847986221
585509 266.335964203
585501 728.726863861
585497 308.614969254
585497 262.544155121
585497 829.351902008
585497 292.163133621
585497 276.298999786
585448 825.287103653
585436 273.442983627
585436 290.756940842
585435 851.934909821
585435 303.989887238
585396 278.620004654
585393 302.058935165
585381 784.353017807
585338 276.261091232
585338 276.542901993
585277 799.007177353
585277 273.119926453
585277 311.865091324
585253 805.623054504
585245 293.260812759
585245 274.040937424
585213 775.297164917
585185 289.953947067
585183 273.497819901
585183 810.880899429
585157 309.513092041
585157 275.0248909
585157 299.79801178
585157 813.277006149
585126 277.941942215
585126 271.625995636
585126 847.262144089
585123 282.48000145
585123 288.363218307
585048 859.066963196
584994 259.217023849
584975 297.299146652
584973 859.046936035
584973 296.741008759
584958 325.662136078
584958 283.590078354
584946 835.384130478
584946 304.01301384
584946 327.080965042
584932 840.695858002
584932 308.143854141
584932 293.173074722
584877 765.368938446
584877 270.506858826
584850 308.699846268
584850 872.607946396
584825 309.593915939
584825 290.041923523
584807 294.324874878
584788 832.612991333
584788 322.994947433
584781 283.761978149
584771 820.061922073
584720 286.530971527
584720 285.870075226
584720 315.915822983
584714 767.050981522
584698 290.062904358
584695 287.254810333
584695 854.36296463
584654 287.14299202
584603 300.529003143
584587 868.461847305
584587 288.846969604
584587 299.263000488
584515 898.369073868
584515 287.700891495
584515 299.872875214
584496 858.829021454
584496 265.32292366
584448 335.500001907
584429 319.875955582
584390 820.973873138
584342 308.892965317
584342 317.909002304
584342 849.687099457
584342 323.051929474
584335 286.186933517
584301 856.566905975
584296 314.846992493
584266 283.313989639
584218 812.27183342
584193 280.678033829
584140 321.667194366
584110 320.362091064
584110 812.18791008
584110 301.114082336
584084 289.814949036
584084 761.059999466
584051 305.241107941
584001 303.519010544
584001 768.481969833
583983 295.650005341
583983 274.039030075
583983 736.904144287
583983 288.628816605
583983 286.301136017
583943 839.779138565
583943 273.887872696
583928 275.624990463
583928 301.58495903
583928 836.70091629
583925 279.516220093
583925 307.543992996
583914 866.068840027
583914 300.325155258
583903 316.013813019
583903 841.047048569
583887 296.30613327
583887 304.200172424
583859 824.443101883
583837 302.095174789
583831 282.867193222
583821 295.921087265
583821 838.781118393
583818 299.166917801
583808 307.717084885
583808 830.412149429
583808 297.977209091
583808 290.791034698
583808 847.815036774
583807 294.569969177
583803 286.702871323
583796 827.816963196
583796 296.28610611
583771 287.68992424
583771 310.508966446
583770 777.299880981
583770 284.654140472
583741 301.738977432
583741 829.020023346
583741 273.504972458
583740 300.663948059
583716 329.549074173
583712 879.184007645
583712 309.27491188
583696 308.268070221
583694 854.064941406
583694 275.761127472
583694 318.68481636
583677 846.655130386
583677 261.627912521
583667 298.496961594
583587 791.858911514
583587 294.980049133
583587 318.787097931
583587 876.742124557
583577 298.358917236
583552 288.758039474
583552 322.467088699
583552 820.382833481
583530 285.42804718
583530 324.229955673
583530 790.272951126
583522 286.231994629
583522 286.815881729
583502 841.713905334
583455 322.726964951
583447 277.786016464
583437 806.864023209
583437 296.708106995
583437 296.160936356
583437 275.449991226
583437 774.152994156
583437 319.063901901
583409 293.220043182
583340 762.249946594
583330 257.291078568
583327 276.001930237
583327 817.888021469
583294 275.682926178
583217 287.559986115
583217 841.295957565
583192 277.783155441
583192 298.447847366
583175 891.06798172
583175 284.544229507
583115 315.344810486
583092 280.519962311
583092 825.10304451
583092 313.163995743
583050 270.76792717
583000 845.452070236
583000 308.892011642
583000 306.874990463
583000 812.771081924
583000 276.548862457
582976 328.475952148
582967 830.116033554
582945 289.500951767
582945 284.926176071
582945 318.331003189
