458 0.432968139648
440 0.410795211792
440 0.432968139648
413 0.324010848999
413 0.314950942993
395 0.31304359436
373 0.311851501465
354 0.314950942993
354 0.310897827148
352 0.31304359436
350 0.313997268677
342 0.310897827148
342 0.272989273071
342 0.306129455566
336 0.280141830444
315 0.262975692749
315 0.257968902588
315 0.247001647949
315 0.226020812988
307 0.25486946106
303 0.251054763794
303 0.253915786743
303 0.257968902588
280 0.247955322266
280 0.25486946106
261 0.255823135376
261 0.247001647949
261 0.246047973633
260 0.254154205322
260 0.263929367065
260 0.221014022827
260 0.221967697144
259 0.251054763794
259 0.251054763794
259 0.2760887146
259 0.308036804199
259 0.263929367065
250 0.262975692749
250 0.266075134277
250 0.21505355835
248 0.210046768188
239 0.211000442505
239 0.211000442505
239 0.210046768188
239 0.213861465454
239 0.213861465454
239 0.210046768188
239 0.208854675293
239 0.209093093872
239 0.213861465454
239 0.207901000977
237 0.212907791138
237 0.220060348511
237 0.218868255615
237 0.210046768188
237 0.205993652344
229 0.227928161621
206 0.253915786743
206 0.196933746338
206 0.196933746338
206 0.196933746338
206 0.192880630493
206 0.200986862183
206 0.182867050171
197 0.190019607544
197 0.189065933228
196 0.19097328186
196 0.185012817383
196 0.188827514648
196 0.185966491699
196 0.199794769287
196 0.216960906982
196 0.19097328186
196 0.196933746338
196 0.198841094971
196 0.188827514648
188 0.185012817383
188 0.0128746032715
188 0.193119049072
188 0.180006027222
188 0.178098678589
188 0.201940536499
188 0.191926956177
188 0.19097328186
183 0.196218490601
183 0.195026397705
183 0.196933746338
183 0.191211700439
162 0.194072723389
162 0.192880630493
160 0.19383430481
160 0.19907951355
160 0.190019607544
160 0.195980072021
160 0.197172164917
160 0.318050384521
160 0.389099121094
160 0.319004058838
156 0.310897827148
156 0.312089920044
156 0.308036804199
156 0.319004058838
156 0.306129455566
156 0.31304359436
156 0.0319480895996
156 0.333070755005
156 0.211000442505
156 0.200033187866
156 0.200033187866
156 0.192880630493
156 0.192880630493
156 0.201940536499
156 0.186920166016
156 0.189065933228
152 0.185966491699
152 0.191926956177
152 0.190019607544
152 0.187158584595
152 0.185012817383
152 0.188827514648
152 0.184059143066
152 0.198125839233
152 0.182151794434
152 0.179052352905
149 0.186204910278
149 0.184059143066
149 0.0112056732178
149 0.182867050171
147 0.180006027222
147 0.188827514648
147 0.19383430481
147 0.184059143066
147 0.19097328186
147 0.186920166016
147 0.187158584595
147 0.188112258911
147 0.211954116821
140 0.185966491699
140 0.190019607544
140 0.180959701538
127 0.0159740447998
127 0.191926956177
127 0.184059143066
127 0.182151794434
127 0.180959701538
127 0.187873840332
127 0.185012817383
125 0.227212905884
125 0.205039978027
123 0.183820724487
123 0.180959701538
123 0.180006027222
123 0.181913375854
123 0.181913375854
116 0.191926956177
116 0.187158584595
114 0.198125839233
114 0.211954116821
114 0.19907951355
114 0.18310546875
114 0.224828720093
114 0.191926956177
114 0.185012817383
114 0.18310546875
114 0.188112258911
114 0.188112258911
114 0.188112258911
114 0.190019607544
114 0.19097328186
114 0.187873840332
114 0.185966491699
114 0.193119049072
114 0.185966491699
114 0.184059143066
114 0.19097328186
114 0.193119049072
114 0.19097328186
114 0.183820724487
114 0.303983688354
114 0.28395652771
114 0.0348091125488
114 0.31590461731
114 0.324964523315
114 0.310897827148
114 0.324964523315
114 0.295877456665
107 0.319957733154
107 0.308990478516
107 0.319957733154
107 0.29993057251
107 0.309944152832
107 0.280857086182
100 0.250816345215
100 0.244855880737
100 0.248193740845
100 0.261068344116
100 0.245094299316
100 0.0219345092773
97 0.25486946106
97 0.25200843811
97 0.249147415161
97 0.25486946106
97 0.0290870666504
97 0.251054763794
97 0.247001647949
96 0.25200843811
96 0.257968902588
96 0.248908996582
96 0.242948532104
96 0.248193740845
96 0.246047973633
96 0.251054763794
96 0.25486946106
96 0.240802764893
96 0.249862670898
96 0.296115875244
95 0.297784805298
95 0.257968902588
95 0.262022018433
95 0.247001647949
95 0.263929367065
95 0.257968902588
95 0.257015228271
95 0.256061553955
95 0.247001647949
95 0.252962112427
91 0.253200531006
91 0.257968902588
87 0.257968902588
87 0.247955322266
87 0.244855880737
87 0.245094299316
87 0.257015228271
87 0.252962112427
87 0.0290870666504
87 0.244855880737
87 0.255107879639
87 0.25200843811
87 0.251054763794
87 0.246047973633
87 0.257968902588
87 0.216007232666
86 0.209093093872
86 0.212907791138
86 0.218868255615
82 0.211000442505
80 0.384092330933
80 0.266790390015
80 0.216960906982
80 0.213861465454
80 0.21505355835
80 0.208854675293
80 0.214099884033
80 0.211000442505
80 0.21505355835
80 0.265836715698
80 0.2281665802
80 0.218868255615
80 0.21505355835
80 0.210046768188
80 0.219821929932
80 0.21505355835
76 0.20694732666
76 0.212907791138
76 0.213861465454
76 0.208139419556
76 0.205039978027
76 0.20694732666
76 0.231981277466
76 0.215768814087
76 0.188112258911
76 0.191926956177
76 0.0197887420654
76 0.188112258911
76 0.193119049072
76 0.0190734863281
75 0.19383430481
75 0.194072723389
75 0.188112258911
75 0.19097328186
75 0.194072723389
75 0.208854675293
75 0.231027603149
75 0.201225280762
75 0.239133834839
75 0.200033187866
75 0.196933746338
75 0.19383430481
75 0.203132629395
75 0.19907951355
75 0.189781188965
75 0.194072723389
75 0.191926956177
72 0.188827514648
72 0.191926956177
72 0.192880630493
72 0.19097328186
72 0.195026397705
72 0.19907951355
72 0.0169277191162
72 0.19907951355
72 0.197172164917
72 0.185012817383
72 0.182867050171
72 0.185966491699
72 0.182151794434
72 0.190019607544
72 0.0119209289551
72 0.180959701538
72 0.180959701538
72 0.186920166016
72 0.183820724487
72 0.186920166016
72 0.180959701538
70 0.187873840332
70 0.183820724487
70 0.185966491699
70 0.180959701538
70 0.185012817383
70 0.187873840332
70 0.179052352905
70 0.184059143066
70 0.0190734863281
70 0.187158584595
70 0.182151794434
70 0.182151794434
70 0.184059143066
70 0.180006027222
70 0.182867050171
70 0.184059143066
70 0.178098678589
70 0.182151794434
70 0.182867050171
70 0.189065933228
70 0.195026397705
70 0.433921813965
70 0.31590461731
70 0.380992889404
70 0.326871871948
70 0.0190734863281
70 0.334978103638
70 0.317096710205
70 0.307083129883
70 0.309944152832
70 0.305891036987
70 0.31590461731
70 0.298023223877
70 0.292062759399
70 0.324010848999
70 0.251054763794
70 0.246047973633
70 0.247955322266
70 0.25200843811
70 0.257015228271
70 0.256061553955
70 0.250101089478
70 0.247001647949
70 0.262022018433
70 0.247001647949
70 0.0231266021729
68 0.249862670898
68 0.251054763794
68 0.257968902588
68 0.248193740845
68 0.259876251221
68 0.375986099243
68 0.267028808594
68 0.265121459961
68 0.256061553955
68 0.253915786743
68 0.261783599854
68 0.252962112427
68 0.255107879639
68 0.262022018433
68 0.213861465454
68 0.217914581299
68 0.0240802764893
68 0.209093093872
68 0.216007232666
68 0.2121925354
68 0.207185745239
68 0.214099884033
68 0.211000442505
68 0.2121925354
68 0.211954116821
68 0.211000442505
68 0.0240802764893
68 0.211954116821
68 0.210046768188
68 0.216960906982
68 0.209093093872
68 0.21505355835
68 0.20694732666
68 0.210046768188
68 0.0159740447998
68 0.192880630493
68 0.192880630493
68 0.19097328186
68 0.209093093872
68 0.192165374756
68 0.19907951355
68 0.263929367065
68 0.218868255615
68 0.317096710205
68 0.230073928833
68 0.200986862183
68 0.211954116821
68 0.198841094971
68 0.190019607544
68 0.197887420654
68 0.195026397705
68 0.191926956177
68 0.195026397705
68 0.200033187866
68 0.190019607544
68 0.191926956177
68 0.19097328186
68 0.207901000977
68 0.185012817383
68 0.185966491699
68 0.187873840332
68 0.19097328186
68 0.188827514648
68 0.196933746338
68 0.198841094971
68 0.181913375854
68 0.192880630493
68 0.187873840332
68 0.182867050171
68 0.185012817383
68 0.192165374756
68 0.190019607544
68 0.192165374756
68 0.185966491699
68 0.201940536499
68 0.200986862183
68 0.19097328186
68 0.182867050171
68 0.018835067749
68 0.183820724487
68 0.18310546875
68 0.248908996582
68 0.196933746338
68 0.191926956177
68 0.0228881835938
68 0.198841094971
68 0.189065933228
68 0.187873840332
68 0.185966491699
68 0.190019607544
68 0.190019607544
68 0.209808349609
68 0.186920166016
68 0.185966491699
68 0.184059143066
68 0.186204910278
68 0.190019607544
68 0.188827514648
66 0.190019607544
66 0.187158584595
66 0.186204910278
66 0.200986862183
66 0.195980072021
65 0.291109085083
65 0.197887420654
65 0.191926956177
65 0.192165374756
65 0.189065933228
65 0.19097328186
65 0.194072723389
65 0.192165374756
65 0.19097328186
65 0.193119049072
65 0.0131130218506
65 0.194072723389
65 0.195026397705
65 0.190019607544
65 0.193119049072
65 0.189065933228
65 0.192880630493
65 0.191926956177
65 0.191926956177
65 0.237941741943
65 0.19097328186
65 0.193119049072
65 0.194072723389
65 0.190019607544
65 0.229120254517
65 0.330924987793
65 0.234127044678
65 0.195980072021
65 0.248193740845
65 0.0171661376953
65 0.225067138672
65 0.20694732666
65 0.201940536499
65 0.195026397705
65 0.19907951355
65 0.192880630493
65 0.196933746338
65 0.189065933228
65 0.200033187866
65 0.192880630493
65 0.196933746338
65 0.192880630493
65 0.19097328186
64 0.194072723389
64 0.193119049072
64 0.190019607544
64 0.197887420654
64 0.196933746338
64 0.19097328186
64 0.193119049072
64 0.195026397705
64 0.200033187866
64 0.196933746338
64 0.194072723389
64 0.014066696167
64 0.207185745239
64 0.295162200928
64 0.347137451172
64 0.208854675293
64 0.210046768188
64 0.198841094971
63 0.19907951355
63 0.196218490601
63 0.190019607544
62 0.190019607544
62 0.192165374756
62 0.192880630493
62 0.196933746338
62 0.19383430481
62 0.19907951355
62 0.0169277191162
62 0.191926956177
62 0.195980072021
62 0.195980072021
62 0.196933746338
62 0.19097328186
62 0.196933746338
61 0.192880630493
61 0.19097328186
61 0.195980072021
61 0.191926956177
61 0.195026397705
61 0.195026397705
61 0.194072723389
61 0.190019607544
61 0.196933746338
61 0.191926956177
61 0.193119049072
61 0.194787979126
61 0.189065933228
61 0.190019607544
61 0.194072723389
61 0.191926956177
61 0.193119049072
61 0.195026397705
61 0.19383430481
61 0.191926956177
61 0.262022018433
61 0.214099884033
61 0.203847885132
61 0.195980072021
61 0.19907951355
61 0.197172164917
61 0.194072723389
61 0.195980072021
61 0.200986862183
61 0.192165374756
61 0.395059585571
61 0.465154647827
61 0.21505355835
61 0.210046768188
61 0.203847885132
61 0.204086303711
61 0.200986862183
61 0.208854675293
61 0.195980072021
61 0.195026397705
61 0.199794769287
61 0.19097328186
61 0.196933746338
61 0.255107879639
60 0.257015228271
60 0.253915786743
60 0.224113464355
60 0.223875045776
60 0.25200843811
60 0.195980072021
60 0.241041183472
60 0.195026397705
60 0.194072723389
60 0.218152999878
60 0.25200843811
60 0.216960906982
60 0.196933746338
60 0.19907951355
60 0.197172164917
60 0.200033187866
60 0.190019607544
60 0.0150203704834
60 0.195980072021
60 0.194787979126
60 0.194072723389
60 0.198125839233
60 0.194072723389
60 0.19097328186
60 0.190019607544
60 0.197887420654
60 0.195026397705
60 0.191926956177
60 0.200033187866
60 0.190019607544
60 0.190019607544
59 0.190019607544
59 0.186204910278
59 0.185012817383
59 0.188827514648
59 0.185012817383
58 0.190019607544
58 0.192880630493
58 0.192880630493
58 0.178813934326
58 0.181913375854
58 0.180006027222
58 0.0190734863281
58 0.18310546875
58 0.185966491699
58 0.182867050171
58 0.186920166016
58 0.180959701538
58 0.181913375854
58 0.0162124633789
58 0.181913375854
58 0.178813934326
58 0.20694732666
58 0.197887420654
58 0.181913375854
58 0.179052352905
57 0.185012817383
57 0.192165374756
57 0.32901763916
57 0.220060348511
57 0.336170196533
57 0.308990478516
57 0.02121925354
57 0.311851501465
57 0.308990478516
57 0.322103500366
57 0.312805175781
57 0.317096710205
57 0.303983688354
57 0.301837921143
57 0.307083129883
57 0.308990478516
57 0.278949737549
57 0.255107879639
57 0.307083129883
57 0.242948532104
57 0.250101089478
57 0.262975692749
57 0.262975692749
57 0.250101089478
57 0.0250339508057
57 0.253915786743
57 0.0150203704834
57 0.251770019531
57 0.25486946106
57 0.256061553955
57 0.252962112427
57 0.262022018433
57 0.254154205322
55 0.247955322266
55 0.245094299316
55 0.260829925537
55 0.2601146698
55 0.0300407409668
54 0.269889831543
54 0.261068344116
54 0.261068344116
54 0.25486946106
54 0.271081924438
54 0.229120254517
54 0.229835510254
54 0.221014022827
54 0.231027603149
54 0.244140625
54 0.207901000977
54 0.208854675293
54 0.220060348511
54 0.216007232666
54 0.313997268677
54 0.0200271606445
54 0.20694732666
54 0.202894210815
54 0.196933746338
54 0.194072723389
54 0.198841094971
54 0.19097328186
54 0.198841094971
54 0.200033187866
54 0.195026397705
54 0.204086303711
54 0.0128746032715
54 0.204086303711
54 0.0128746032715
54 0.194787979126
54 0.198125839233
54 0.19907951355
54 0.192880630493
54 0.202894210815
54 0.233888626099
54 0.0190734863281
53 0.205993652344
53 0.210046768188
53 0.203132629395
53 0.504970550537
53 0.19383430481
53 0.224113464355
53 0.20694732666
53 0.207901000977
53 0.2281665802
53 0.202178955078
53 0.200986862183
53 0.292062759399
53 0.231981277466
53 0.214099884033
53 0.22292137146
53 0.21505355835
53 0.241994857788
53 0.211000442505
53 0.211954116821
53 0.208854675293
53 0.210046768188
53 0.227928161621
53 0.19383430481
53 0.200033187866
53 0.200033187866
53 0.209093093872
53 0.200033187866
53 0.200986862183
53 0.202178955078
53 0.198125839233
53 0.197172164917
53 0.200033187866
53 0.200033187866
51 0.200033187866
51 0.0119209289551
51 0.395059585571
51 0.320911407471
51 0.326871871948
51 0.322103500366
51 0.218152999878
51 0.455141067505
51 0.334024429321
51 0.330924987793
51 0.314950942993
51 0.0331401824951
51 0.31590461731
51 0.311851501465
51 0.319957733154
51 0.314950942993
51 0.320911407471
51 0.301837921143
51 0.318050384521
51 0.308036804199
51 0.274896621704
51 0.257968902588
51 0.252962112427
51 0.257015228271
51 0.25200843811
51 0.245094299316
51 0.249862670898
51 0.264167785645
51 0.259876251221
51 0.2601146698
51 0.251054763794
51 0.247955322266
51 0.253915786743
51 0.257015228271
51 0.247955322266
51 0.257015228271
51 0.315189361572
51 0.29182434082
51 0.25200843811
51 0.25486946106
51 0.259876251221
51 0.255107879639
51 0.253915786743
51 0.25200843811
51 0.241041183472
51 0.20694732666
51 0.207901000977
51 0.219106674194
51 0.212907791138
51 0.207185745239
51 0.216007232666
51 0.212907791138
51 0.21505355835
51 0.211000442505
51 0.0150203704834
51 0.217914581299
51 0.216007232666
51 0.207185745239
51 0.219106674194
51 0.216007232666
51 0.2121925354
51 0.216007232666
51 0.0231266021729
51 0.226020812988
51 0.19097328186
51 0.200033187866
51 0.0119209289551
51 0.188827514648
51 0.185966491699
51 0.192880630493
51 0.201940536499
51 0.181913375854
51 0.196933746338
51 0.205993652344
51 0.205039978027
51 0.204086303711
51 0.194787979126
51 0.19907951355
51 0.0200271606445
51 0.188112258911
51 0.179767608643
51 0.184059143066
51 0.187158584595
51 0.0150203704834
51 0.19097328186
51 0.186920166016
51 0.178813934326
51 0.185012817383
51 0.183820724487
51 0.0138282775879
51 0.231981277466
51 0.179052352905
51 0.178813934326
51 0.18310546875
51 0.0150203704834
51 0.182151794434
51 0.180959701538
51 0.179052352905
51 0.186920166016
50 0.188827514648
50 0.189065933228
50 0.181913375854
49 0.186920166016
49 0.17786026001
49 0.180959701538
49 0.183820724487
49 0.188827514648
49 0.179052352905
49 0.189065933228
49 0.185966491699
49 0.014066696167
49 0.180959701538
49 0.181198120117
49 0.190019607544
49 0.189065933228
49 0.178813934326
49 0.179052352905
49 0.180006027222
49 0.186920166016
49 0.179052352905
48 0.185966491699
48 0.188112258911
48 0.0138282775879
48 0.18310546875
48 0.185966491699
48 0.179052352905
47 0.186204910278
47 0.22292137146
47 0.229120254517
47 0.19383430481
47 0.180006027222
47 0.205039978027
47 0.191926956177
47 0.185966491699
47 0.18310546875
47 0.183820724487
47 0.189065933228
47 0.186920166016
47 0.19097328186
47 0.19383430481
47 0.192880630493
47 0.189065933228
47 0.198125839233
47 0.197887420654
47 0.183820724487
47 0.186920166016
47 0.196933746338
47 0.187158584595
47 0.195026397705
47 0.181913375854
47 0.179052352905
47 0.184059143066
47 0.18310546875
47 0.180006027222
47 0.180006027222
47 0.188112258911
47 0.19907951355
47 0.205993652344
47 0.014066696167
47 0.180006027222
46 0.188112258911
46 0.183820724487
46 0.200986862183
46 0.188112258911
46 0.183820724487
46 0.186920166016
46 0.187873840332
46 0.191926956177
46 0.195026397705
46 0.188112258911
46 0.0209808349609
46 0.195026397705
46 0.0159740447998
46 0.187873840332
46 0.195026397705
46 0.188112258911
46 0.188112258911
46 0.185012817383
46 0.19097328186
46 0.185966491699
46 0.0150203704834
46 0.186920166016
46 0.198125839233
46 0.180959701538
46 0.179052352905
46 0.179052352905
46 0.178813934326
46 0.185966491699
46 0.178813934326
46 0.189065933228
46 0.178098678589
46 0.179052352905
46 0.17786026001
46 0.179052352905
46 0.181913375854
46 0.180006027222
46 0.014066696167
46 0.178098678589
44 0.213146209717
42 0.204086303711
39 0.187873840332
39 0.188827514648
39 0.185966491699
39 0.189065933228
39 0.181198120117
39 0.180006027222
39 0.185012817383
39 0.185012817383
39 0.0119209289551
37 0.184059143066
37 0.188112258911
37 0.185966491699
37 0.183820724487
37 0.184059143066
37 0.189065933228
37 0.178098678589
37 0.188827514648
37 0.199794769287
37 0.251054763794
37 0.195980072021
37 0.195980072021
37 0.195026397705
37 0.19097328186
37 0.19097328186
37 0.200986862183
37 0.19383430481
37 0.190019607544
37 0.194072723389
37 0.192880630493
37 0.191926956177
37 0.196218490601
37 0.195980072021
37 0.191926956177
37 0.0197887420654
37 0.191926956177
37 0.194072723389
37 0.191926956177
37 0.18310546875
37 0.185012817383
37 0.210046768188
37 0.185012817383
37 0.177145004272
37 0.185012817383
37 0.187873840332
37 0.184059143066
37 0.179052352905
37 0.187158584595
37 0.240087509155
37 0.199794769287
37 0.201940536499
37 0.018835067749
37 0.185966491699
37 0.187158584595
37 0.193119049072
