37004 43.4210300446
37000 25.2768993378
36988 16.3340568542
36988 13.0109786987
36981 12.1459960938
36957 12.4690532684
36925 15.7270431519
36852 15.636920929
36852 17.8918838501
36852 19.670009613
36823 13.5719776154
36789 12.9160881042
36789 18.1970596313
36766 38.2552146912
36762 17.242193222
36753 17.9810523987
36737 15.233039856
36704 13.5011672974
36657 12.992143631
36655 13.7150287628
36655 12.1719837189
36655 12.1240615845
36655 12.2718811035
36629 12.2570991516
36595 15.3269767761
36565 32.2110652924
36559 14.6851539612
36558 14.4798755646
36554 13.8838291168
36554 12.0780467987
36554 12.9940509796
36527 12.5231742859
36470 11.8689537048
36456 12.5579833984
36438 12.4578475952
36432 12.2051239014
36432 12.4549865723
36390 27.5168418884
36383 16.4289474487
36365 12.5441551208
36316 13.0190849304
36283 12.0730400085
36267 12.8018856049
36241 14.8379802704
36241 14.585018158
36241 12.8741264343
36241 12.4471187592
36186 12.3720169067
36185 14.2691135406
36185 26.2260437012
36185 12.4769210815
36183 12.6121044159
36183 12.5830173492
36145 12.5598907471
36088 16.6301727295
36088 12.9849910736
36088 15.1879787445
36069 13.1149291992
36069 14.6858692169
36069 19.0269947052
36069 16.8759822845
36069 30.22813797
36069 11.9049549103
36069 12.7229690552
36069 15.3238773346
36051 12.3469829559
36051 12.2830867767
36051 11.9650363922
36040 12.1669769287
36040 14.6539211273
36016 13.5300159454
36016 12.3281478882
36002 12.4351978302
35997 27.5540351868
35970 14.6579742432
35970 12.2301578522
35948 15.5918598175
35948 12.4599933624
35948 12.1970176697
35948 14.7469043732
35861 14.7500038147
35861 15.0029659271
35844 12.5441551208
35842 15.419960022
35842 12.8591060638
35800 26.4899730682
35780 14.5728588104
35780 13.8559341431
35780 14.0340328217
35752 14.0509605408
35731 13.2350921631
35731 12.0208263397
35731 12.3341083527
35721 11.9159221649
35721 12.3150348663
35721 15.3160095215
35721 15.0599479675
35717 33.9479446411
35717 12.1841430664
35648 13.6530399323
35614 15.163898468
35597 12.1409893036
35594 12.3860836029
35594 12.237071991
35594 12.0759010315
35526 12.3510360718
35522 11.8751525879
35468 12.2420787811
35468 11.931180954
35468 12.0379924774
35433 24.1520404816
35427 12.6140117645
35358 11.5969181061
35327 14.9059295654
35315 13.7841701508
35310 12.4869346619
35308 12.0198726654
35280 12.1650695801
35273 16.1600112915
35273 12.5961303711
35273 12.412071228
35273 12.3379230499
35273 26.358127594
35268 11.9550228119
35268 15.3908729553
35268 16.1700248718
35268 12.8519535065
35254 12.5308036804
35239 12.7840042114
35181 13.001203537
35154 14.6489143372
35149 16.1340236664
35149 14.6191120148
35136 12.405872345
35136 26.2970924377
35129 14.7340297699
35129 12.3178958893
35126 12.4258995056
35126 12.4409198761
35118 12.5820636749
35118 12.4959945679
35118 12.6399993896
35118 12.3820304871
35118 11.5239620209
35118 11.659860611
35118 12.7849578857
35118 30.6379795074
35118 12.5789642334
35108 14.7919654846
35108 13.7548446655
35103 12.6721858978
35093 12.3269557953
35093 13.9620304108
35092 14.6999359131
35092 13.5681629181
35092 13.0939483643
35086 11.5349292755
35074 11.5828514099
35034 24.9481201172
35031 13.179063797
35005 16.1530971527
34987 12.8359794617
34986 12.1779441833
34982 14.7678852081
34951 15.9192085266
34908 14.3249034882
34888 12.1991634369
34847 12.4988555908
34809 12.2859477997
34787 12.2900009155
34782 27.3551940918
34779 13.0870342255
34779 12.433052063
34779 12.4118328094
34779 12.3829841614
34779 13.592004776
34779 15.4891014099
34771 12.3991966248
34771 15.3231620789
34733 16.8488025665
34698 16.6549682617
34698 13.1559371948
34690 25.3140926361
34690 14.2560005188
34673 18.7919139862
34668 14.5311355591
34668 14.368057251
34668 13.9529705048
34655 12.2430324554
34641 12.186050415
34641 13.5369300842
34641 16.1170959473
34640 16.0841941833
34638 12.6168727875
34638 25.5138874054
34638 12.5060081482
34628 13.9260292053
34628 15.074968338
34608 12.8738880157
34604 13.6690139771
34604 17.951965332
34588 13.1120681763
34559 12.1400356293
34543 12.6769542694
34543 12.3229026794
34506 12.7580165863
34506 29.1798114777
34469 14.5621299744
34469 11.5149021149
34453 11.7959976196
34453 12.9361152649
34453 14.2290592194
34453 13.8430595398
34453 12.0539665222
34448 15.7518386841
34426 12.9170417786
34414 12.3789310455
34387 12.6299858093
34350 28.2289981842
34335 12.5880241394
34328 13.4930610657
34328 18.6610221863
34328 13.2071971893
34328 16.0539150238
34323 12.766122818
34303 12.7000808716
34303 12.3608112335
34303 12.4449729919
34269 16.6029930115
34269 12.6140117645
34269 26.3979434967
34269 12.4781131744
34253 12.3100280762
34227 12.0151042938
34227 14.946937561
34197 17.2071456909
34197 13.3130550385
34115 14.4879817963
34115 16.5648460388
34115 17.0860290527
34115 17.2181129456
34064 13.8578414917
34058 12.8469467163
34050 27.1551609039
34010 16.8061256409
33983 13.2069587708
33983 13.0240917206
33950 15.7208442688
33914 12.7789974213
33884 12.2637748718
33884 13.7150287628
33884 13.93699646
33878 12.5751495361
33878 14.1000747681
33878 13.4489536285
33861 25.8600711823
33852 12.3670101166
33829 12.3019218445
33818 15.9249305725
33810 13.4949684143
33786 13.6158466339
33726 13.4201049805
33726 12.3400688171
33726 12.3310089111
33714 13.0290985107
33701 12.8488540649
33701 12.4111175537
33685 25.4259109497
33679 15.3548717499
33679 13.680934906
33679 13.2451057434
33679 15.0439739227
33679 13.3810043335
33670 12.0921134949
33670 12.1839046478
33670 15.5761241913
33617 16.0329341888
33588 12.9718780518
33588 12.7770900726
33585 25.1801013947
33585 15.4278278351
33578 13.0360126495
33578 11.7959976196
33568 12.8870010376
33568 11.8029117584
33568 15.074968338
33552 13.0190849304
33545 11.549949646
33545 12.1240615845
33545 14.8060321808
33539 13.0667686462
33510 24.5118141174
33508 15.7949924469
33508 12.1660232544
33486 12.4759674072
33486 12.5679969788
33479 16.284942627
33479 13.2238864899
33444 12.2311115265
33444 13.9679908752
33444 13.8640403748
33444 12.0010375977
33444 12.1209621429
33425 28.9549827576
33425 12.001991272
33425 11.9428634644
33420 12.6738548279
33410 12.2201442719
33410 12.9449367523
33410 12.1169090271
33390 15.1870250702
33390 12.1469497681
33344 15.8538818359
33344 14.6579742432
33324 16.73412323
33324 30.8570861816
33283 16.6218280792
33273 17.5738334656
33207 17.3931121826
33207 16.1628723145
33207 15.4302120209
33207 17.3108577728
33202 15.71393013
33202 13.8731002808
33147 13.8490200043
33147 11.6860866547
33093 12.9330158234
33083 26.5259742737
33083 18.7158584595
33057 13.5831832886
33050 12.6709938049
33026 11.6109848022
33010 11.3890171051
33010 11.5079879761
33010 12.2120380402
33010 13.1449699402
33010 16.3111686707
33010 12.9539966583
32938 13.2169723511
32938 26.4329910278
32928 13.1061077118
32887 12.7840042114
32887 15.6259536743
32887 11.9512081146
32868 12.3178958893
32808 14.2259597778
32796 18.098115921
32791 16.627073288
32791 13.5440826416
32791 18.3939933777
32791 15.9311294556
32791 41.0490036011
32740 18.942117691
32732 13.4880542755
32727 13.8602256775
32705 15.1300430298
32705 12.2590065002
32705 15.7392024994
32705 12.894153595
32666 12.4101638794
32666 12.0029449463
32666 16.7939662933
32643 12.913942337
32637 27.3962020874
32619 12.5951766968
32579 12.4909877777
32579 12.2401714325
32579 15.0330066681
32554 13.8118267059
32535 12.3460292816
32532 12.6841068268
32522 12.8409862518
32487 12.3550891876
32487 12.9218101501
32487 12.3429298401
32487 16.0119533539
32487 24.7530937195
32487 14.1818523407
32487 17.3199176788
32463 15.8090591431
32463 15.1400566101
32447 15.1579380035
32429 15.7568454742
32429 15.9289836884
32429 18.3482170105
32426 16.3819789886
32412 15.1951313019
32399 15.4190063477
32363 24.6410369873
32360 15.0849819183
32357 14.9629116058
32357 14.6598815918
32330 13.5509967804
32319 16.373872757
32319 13.1530761719
32319 13.1888389587
32319 16.4768695831
32308 13.9009952545
32308 14.7488117218
32308 13.0548477173
32308 26.960849762
32308 12.51912117
32308 11.8520259857
32308 16.6399478912
32308 12.1140480042
32308 12.1071338654
32308 12.1841430664
32250 16.893863678
32239 13.368844986
32220 11.9700431824
32220 13.876914978
32200 20.1060771942
32188 33.1330299377
32188 18.1231498718
32179 16.5028572083
32129 15.2590274811
32129 16.2229537964
32116 14.8360729218
32099 18.2809829712
32099 12.3081207275
32099 12.4170780182
32099 15.5320167542
32081 15.3739452362
32068 11.9240283966
32058 25.1960754395
32058 15.4459476471
32058 13.0541324615
32058 12.2179985046
32058 12.001991272
32011 16.3118839264
32011 13.386964798
32011 11.7311477661
32011 14.0218734741
31929 14.4190788269
31929 12.9580497742
31929 12.9261016846
31929 28.783082962
31921 13.2668018341
31905 12.0239257812
31905 17.1768665314
31905 12.717962265
31899 15.3350830078
31870 16.9670581818
31870 18.2828903198
31831 15.1069164276
31784 16.9060230255
31784 20.15209198
31738 17.4248218536
31690 32.4878692627
31671 17.2789096832
31614 13.9770507812
31614 14.8019790649
31614 14.1870975494
31614 13.612985611
31596 16.7708396912
31595 13.2989883423
31595 12.3221874237
31595 16.3588523865
31579 13.4301185608
31564 15.1519775391
31563 29.9170017242
31490 16.2010192871
31490 12.9401683807
31490 16.1299705505
31473 12.8281116486
31473 12.7780437469
31473 12.3360157013
31461 12.6509666443
31430 11.8491649628
31411 13.1769180298
31411 13.0040645599
31411 15.6049728394
31409 29.748916626
31395 20.8539962769
31385 18.278837204
31385 16.3011550903
31385 16.2789821625
31385 17.4181461334
31378 17.991065979
31378 15.4662132263
31378 17.5039768219
31372 15.1801109314
31372 12.6841068268
31372 15.9051418304
31372 30.002117157
31343 13.699054718
31343 13.0519866943
31343 11.7421150208
31343 16.4330005646
31331 12.0460987091
31323 12.8080844879
31323 12.0811462402
31323 11.3849639893
31314 12.3109817505
31314 11.8470191956
31275 12.7680301666
31275 26.4041423798
31238 15.1748657227
31238 12.8130912781
31238 12.8910541534
31238 11.8219852448
31236 12.1080875397
31236 15.594959259
31236 17.4081325531
31183 13.9870643616
31183 16.804933548
31183 17.3909664154
31178 16.4370536804
31178 18.1419849396
31147 33.1349372864
31147 19.5600986481
31147 15.5670642853
31142 15.939950943
31121 16.0639286041
31121 15.1181221008
31121 16.9541835785
31088 12.3591423035
31087 16.7729854584
31087 15.5470371246
31081 14.6420001984
31080 13.2219791412
31071 25.4130363464
31029 12.7220153809
30982 12.090921402
30982 12.2420787811
30982 12.2938156128
30978 12.5238895416
30978 13.062953949
30971 12.1400356293
30971 13.9379501343
30971 16.0658359528
30971 12.274980545
30971 15.3241157532
30971 26.0610580444
30971 13.8418674469
30937 14.5440101624
30932 15.4418945312
30922 12.298822403
30922 16.1118507385
30915 12.5279426575
30908 13.0319595337
30877 12.540102005
30877 11.9500160217
30877 12.5780105591
30877 15.8169269562
30877 27.5509357452
30877 11.6169452667
30863 12.7840042114
30855 11.6460323334
30844 18.1319713593
30841 14.1608715057
30841 15.1429176331
30841 13.4229660034
30833 11.5039348602
30816 12.2830867767
30815 15.4120922089
30773 12.7830505371
30773 25.7911682129
30773 12.5150680542
30773 12.4518871307
30773 12.274980545
30747 15.9559249878
30732 13.4990215302
30732 13.1108760834
30729 11.8081569672
30725 12.2129917145
30722 16.0992145538
30680 12.3310089111
30680 12.0799541473
30662 29.0699005127
30652 12.6059055328
30652 12.2158527374
30645 13.2749080658
30603 12.9749774933
30593 15.9020423889
30593 12.0091438293
30593 11.9729042053
30577 12.6130580902
30577 12.2530460358
30577 12.3620033264
30577 12.1738910675
30577 24.9571800232
30577 15.6750679016
30577 13.4439468384
30577 15.4428482056
30577 17.4570083618
30577 16.7031288147
30577 14.799118042
30577 14.6019458771
30577 17.5158977509
30573 16.9260501862
30558 19.1390514374
30558 15.5191421509
30540 33.7889194489
30532 13.3399963379
30529 15.1510238647
30522 14.1658782959
30510 12.9899978638
30510 12.0799541473
30510 12.039899826
30510 14.9230957031
30510 12.7098560333
30510 12.4289989471
30497 11.8539333344
30431 13.0920410156
30429 26.2639522552
30429 12.8121376038
30407 12.2740268707
30407 16.9529914856
30396 11.7709636688
30396 12.3589038849
30396 15.5348777771
30396 13.2031440735
30396 11.7321014404
30396 12.6070976257
30396 14.132976532
30396 15.2089595795
30385 33.9829921722
30341 13.5550498962
30341 14.6489143372
30341 14.8010253906
30341 15.3548717499
30315 14.6300792694
30315 14.436006546
30315 14.1310691833
30293 15.6910419464
30293 16.6850090027
30277 16.410112381
30268 12.7940177917
30268 29.1140079498
30268 11.6460323334
30249 13.2551193237
30249 12.7351284027
30249 14.9481296539
30249 14.7929191589
30249 13.0100250244
30249 12.29596138
30242 15.7768726349
30234 13.3872032166
30234 12.3438835144
30234 12.9039287567
30228 17.117023468
30224 25.8510112762
30224 16.2110328674
30213 13.6389732361
30208 11.9471549988
30199 12.7019882202
30199 14.5280361176
30199 14.8909091949
30199 14.641046524
30133 19.3269252777
30127 15.7310962677
30127 18.5811519623
30127 16.4659023285
30127 41.0318374634
30127 17.4589157104
30127 17.2882080078
30127 17.3590183258
30114 15.0570869446
30092 16.6609287262
30084 13.393163681
30076 13.0071640015
30060 14.6241188049
30060 16.713142395
30044 12.3128890991
30044 12.9280090332
30044 24.8649120331
30018 12.4459266663
29970 13.4990215302
29970 13.7588977814
29959 15.9940719604
29942 12.9680633545
29913 12.5079154968
29913 15.6190395355
29913 13.5540962219
29913 14.230966568
29896 11.9109153748
29870 16.4051055908
29850 28.6300182343
29841 14.9760246277
29815 17.2390937805
29810 19.4928646088
29752 14.7869586945
29734 17.2770023346
29709 18.3849334717
29709 16.6621208191
29709 16.5731906891
29697 16.3698196411
29697 16.1411762238
29666 17.2381401062
29666 28.1920433044
29666 13.4661197662
29662 12.2621059418
29662 16.7210102081
29660 13.7319564819
29636 12.7460956573
29634 16.4699554443
29620 13.2179260254
29612 15.1069164276
29579 13.1189823151
29579 12.1140480042
29569 13.053894043
29556 26.7541408539
29530 13.1530761719
29523 12.3620033264
29473 14.7008895874
29473 14.0218734741
29473 12.4568939209
29473 12.4530792236
29473 13.7870311737
29464 16.4427757263
29463 13.7159824371
29463 15.8200263977
29463 17.35496521
29463 29.8359394073
29463 16.2968635559
29463 17.5130367279
29448 16.5650844574
29448 20.045042038
29448 16.8449878693
29400 14.4190788269
29400 16.4351463318
29391 12.4390125275
29391 12.47215271
29391 15.5758857727
29359 15.4349803925
29359 29.0238857269
29359 13.9081478119
29349 12.8130912781
29349 12.5091075897
29349 16.1068439484
29349 16.2930488586
29349 12.9430294037
29345 12.1560096741
29345 15.8870220184
29345 12.2790336609
29334 12.6531124115
29333 12.9899978638
29333 31.1160087585
29333 13.5841369629
29333 12.020111084
29327 12.1948719025
29327 12.9101276398
29306 12.2718811035
29306 12.3009681702
29306 16.0958766937
29281 12.6781463623
29281 13.0498409271
29281 16.6759490967
29281 12.3631954193
29281 27.2839069366
29281 15.4709815979
29281 17.4829959869
29278 12.7167701721
29278 16.1049365997
29278 12.4371051788
29278 11.9271278381
29278 13.8909816742
29276 15.1689052582
29276 12.6738548279
29276 12.20703125
29272 15.0580406189
29272 30.5480957031
29272 17.7400112152
29272 14.8050785065
29272 11.8029117584
29272 11.8110179901
29268 15.5210494995
29268 12.6540660858
29262 12.2320652008
29262 14.5370960236
29262 12.629032135
29262 12.5000476837
29262 13.2989883423
29262 12.3031139374
29262 25.141954422
29262 12.4890804291
29262 16.3819789886
29262 13.7178897858
29213 14.2049789429
29213 13.552904129
29213 16.5169239044
29212 13.4079456329
29212 12.1600627899
29204 14.5299434662
29204 15.3110027313
29204 16.9129371643
29183 28.6350250244
29176 14.7299766541
29176 12.0630264282
29176 11.8730068207
29170 12.2129917145
29170 13.7429237366
29170 17.1940326691
29144 12.9480361938
29144 13.0770206451
29144 12.4139785767
29144 13.0760669708
29115 18.3248519897
29115 31.9650173187
29115 14.123916626
29113 13.1731033325
29113 11.7778778076
29100 12.4959945679
29100 12.3910903931
29100 12.4781131744
29063 12.7921104431
29063 12.7129554749
29063 12.3560428619
29060 12.5060081482
28975 12.5720500946
28929 28.1250476837
28929 15.9690380096
28929 12.8030776978
28929 12.9170417786
28922 12.2630596161
28920 14.9419307709
28898 12.3999118805
28898 12.7410888672
28894 15.6199932098
28894 13.0488872528
28885 17.2009468079
28867 12.228012085
28857 25.1808166504
28853 13.2100582123
28853 12.5050544739
28840 16.1938667297
28840 13.1130218506
28840 12.6669406891
28790 18.609046936
28790 15.7430171967
28790 12.8939151764
28790 12.727022171
28720 11.8050575256
28720 12.3901367188
28719 27.2481441498
28719 12.806892395
28719 13.3330821991
28718 13.2308006287
28623 14.946937561
28595 17.6780223846
28595 12.1250152588
28595 16.655921936
28570 13.6780738831
28570 12.1169090271
28551 12.9990577698
28551 15.5620574951
28551 32.4139595032
28551 13.6108398438
28551 12.4759674072
28551 16.3049697876
28551 16.3099765778
28551 12.2530460358
28546 14.986038208
28546 13.4890079498
28539 18.6641216278
28539 22.2058296204
28539 14.3721103668
28490 12.0379924774
28450 29.0379524231
28444 14.6429538727
28436 16.4790153503
28429 12.9289627075
28416 12.925863266
28393 15.9080028534
28388 13.1859779358
28381 13.4320259094
28368 17.4589157104
28368 15.3279304504
28340 16.4229869843
28340 16.0179138184
28340 27.2150039673
28340 13.072013855
28340 13.5998725891
28302 13.1299495697
28302 12.5601291656
28302 11.8911266327
28302 13.4630203247
28302 14.4109725952
28279 13.0279064178
28276 16.6661739349
28249 13.0479335785
28249 14.3911838531
28249 26.4310836792
28249 14.093875885
28249 12.8228664398
28223 13.2629871368
28198 12.3269557953
28198 12.0820999146
28186 11.9569301605
28178 12.3910903931
28178 13.0271911621
28169 12.8059387207
28169 13.4978294373
28169 12.0029449463
28169 26.4730453491
28138 12.8409862518
28107 13.6179924011
28107 13.6218070984
28087 12.6791000366
28087 12.463092804
28087 14.0240192413
28087 14.4879817963
28080 12.1459960938
28068 13.0047798157
28068 12.2079849243
28068 12.0279788971
28068 12.4189853668
28068 26.7479419708
28068 12.4328136444
28068 12.6178264618
28060 16.205072403
28060 11.9600296021
28045 11.4729404449
28045 12.1948719025
28036 16.3040161133
28036 14.4891738892
27992 12.1929645538
27992 13.5381221771
27991 11.9431018829
27991 24.7309207916
27991 12.3670101166
27990 16.8468952179
27982 12.2809410095
27961 11.8551254272
27959 12.3100280762
27959 14.7650241852
27959 14.0058994293
27959 15.3799057007
27959 14.041185379
27935 12.3391151428
27914 17.0729160309
27908 36.2260341644
27908 13.9858722687
27908 17.3850059509
27908 17.1110630035
27908 15.1529312134
27908 13.6270523071
27908 14.594078064
27908 17.3768997192
27906 15.6590938568
27906 17.7109241486
27838 12.8040313721
27762 12.6509666443
27762 27.7459621429
27726 12.6070976257
27706 12.9988193512
27706 12.5739574432
27706 12.4671459198
27706 13.1258964539
27706 12.2718811035
27698 12.0830535889
27687 12.8509998322
27687 15.1209831238
27687 15.5320167542
27680 15.8321857452
27671 28.2881259918
27651 17.040014267
27651 12.9730701447
27651 12.3901367188
27638 12.7220153809
27638 12.4189853668
27638 12.8858089447
27638 16.960144043
27638 16.0608291626
27577 16.4709091187
27565 14.2810344696
27481 15.664100647
27458 33.7920188904
27458 15.2781009674
27458 16.4639949799
27443 15.0649547577
27443 17.5271034241
27443 14.2660140991
27443 12.3159885406
27411 12.2499465942
27402 12.1710300446
27402 12.4430656433
27402 13.1449699402
27383 15.3698921204
27358 28.7208557129
27358 14.0678882599
27355 13.5757923126
27355 12.8548145294
27330 12.8571987152
27330 12.3529434204
27300 14.0419006348
27295 14.5769119263
27295 13.2699012756
27295 12.4549865723
27295 13.149023056
27280 12.6719474792
27280 28.706073761
27280 14.1010284424
27280 13.6730670929
27280 17.2538757324
27238 14.4531726837
27238 13.2761001587
27219 13.906955719
27219 13.7181282043
27219 17.6959037781
