8843 7.75909423828
8843 4.64200973511
8816 3.22604179382
8816 7.61890411377
8809 3.94105911255
8805 3.91697883606
8738 6.50215148926
8716 5.25999069214
8716 5.15484809875
8706 5.04517555237
8706 4.85491752625
8685 3.13711166382
8685 3.49497795105
8640 3.46302986145
8625 4.20999526978
8611 3.29613685608
8611 3.11303138733
8603 3.42178344727
8603 3.35288047791
8598 3.38912010193
8598 2.91395187378
8598 2.96092033386
8598 5.46383857727
8537 4.90212440491
8537 3.27706336975
8497 3.34715843201
8490 3.03292274475
8490 17.3029899597
8442 3.79300117493
8442 3.30400466919
8420 2.86889076233
8420 2.94089317322
8420 4.18901443481
8417 4.50420379639
8412 3.27110290527
8406 3.5080909729
8391 2.86507606506
8373 0.263929367065
8373 3.01599502563
8365 3.07679176331
8328 2.99096107483
8323 3.01599502563
8267 3.88598442078
8253 4.81510162354
8253 3.47685813904
8253 3.05104255676
8253 2.89011001587
8233 3.10301780701
8220 2.92491912842
8220 2.83002853394
8220 2.8920173645
8220 4.18591499329
8219 4.62102890015
8209 3.98802757263
8160 3.62086296082
8160 3.60488891602
8160 2.93898582458
8159 3.18002700806
8159 3.03196907043
8159 3.51405143738
8159 2.95901298523
8159 2.93493270874
8159 3.09300422668
8130 2.96497344971
8115 2.89011001587
8114 2.90298461914
8108 3.21292877197
8108 4.19592857361
8108 3.09300422668
8108 2.95901298523
8086 3.12399864197
8086 2.89797782898
8086 3.07321548462
8086 2.96092033386
8085 4.04691696167
8085 3.1521320343
8073 2.99382209778
8073 3.00288200378
8073 3.05604934692
8055 3.04007530212
8038 3.08108329773
8038 2.88581848145
8018 2.93707847595
8018 2.92897224426
8018 2.99501419067
7995 2.8510093689
7957 4.7619342804
7957 4.64606285095
7957 3.62992286682
7911 3.04007530212
7905 3.62205505371
7904 3.35884094238
7904 3.03101539612
7903 2.94804573059
7903 2.98619270325
7903 11.6539001465
7903 3.25894355774
7895 3.40104103088
7895 3.33714485168
7895 3.00908088684
7895 3.80492210388
7875 4.86397743225
7867 3.9279460907
7867 4.61101531982
7867 3.27110290527
7815 3.51691246033
7811 6.53409957886
7770 4.6718120575
7770 4.51302528381
7770 2.94303894043
7761 3.52191925049
7753 2.90203094482
7745 3.20100784302
7745 3.97992134094
7700 4.58002090454
7672 4.55904006958
7672 3.76391410828
7672 3.42106819153
7672 4.49204444885
7672 4.43816184998
7672 3.9849281311
7672 3.19910049438
7672 3.58390808105
7672 3.87406349182
7672 3.45301628113
7672 2.98714637756
7657 3.27491760254
7651 5.00297546387
7651 4.26697731018
7644 3.10301780701
7628 3.20887565613
7605 3.78584861755
7605 4.73213195801
7596 4.47678565979
7591 3.99708747864
7584 4.42004203796
7584 3.9529800415
7573 3.20506095886
7573 3.36599349976
7520 3.98111343384
7520 3.69906425476
7520 3.83996963501
7520 3.08895111084
7520 3.40294837952
7515 3.78894805908
7515 3.93009185791
7515 3.30400466919
7515 3.48305702209
7452 3.82685661316
7452 4.06718254089
7416 3.82900238037
7396 3.08895111084
7396 4.19497489929
7396 3.48496437073
7396 4.19187545776
7347 3.35597991943
7342 3.49688529968
7333 3.58891487122
7329 3.99494171143
7326 3.25608253479
7320 3.11994552612
7267 3.89313697815
7267 3.87406349182
7263 3.68309020996
7263 3.31211090088
7263 3.15713882446
7253 3.43203544617
7253 3.83186340332
7252 3.662109375
7252 3.44300270081
7252 3.13591957092
7251 3.3872127533
7251 3.98206710815
7251 3.46684455872
7251 3.28016281128
7251 3.02886962891
7251 4.04214859009
7250 3.8480758667
7250 3.67403030396
7245 2.97212600708
7242 3.02290916443
7242 3.6518573761
7227 4.22310829163
7227 3.77893447876
7218 3.42988967896
7218 3.60298156738
7218 4.21118736267
7218 3.7248134613
7217 3.09085845947
7183 3.34596633911
7183 3.8161277771
7183 4.30393218994
7183 3.37386131287
7170 3.09896469116
7170 3.62205505371
7161 3.36909294128
7136 3.60989570618
7119 3.27897071838
7104 3.30901145935
7103 3.59702110291
7103 3.78704071045
7103 3.24392318726
7098 2.8350353241
7087 3.15690040588
7087 3.36313247681
7067 3.68905067444
7067 2.9571056366
7041 2.90107727051
7041 3.11493873596
7030 10.5829238892
7030 2.93207168579
7030 3.19004058838
7030 3.16214561462
7030 4.78386878967
7030 4.1720867157
7030 4.18996810913
6993 3.9050579071
6993 0.186920166016
6993 3.40390205383
6993 3.11803817749
6987 2.93207168579
6959 3.18908691406
6959 3.08203697205
6959 2.89177894592
6929 3.52787971497
6926 2.92801856995
6896 3.33094596863
6877 2.8669834137
6843 2.96211242676
6843 3.91411781311
6843 3.82900238037
6843 4.10413742065
6843 3.79300117493
6820 3.50499153137
6820 3.22103500366
6820 2.95615196228
6814 2.90703773499
6811 2.89797782898
6811 3.50308418274
6811 3.67283821106
6811 4.79197502136
6799 3.38292121887
6769 4.44793701172
6769 4.04000282288
6769 5.32293319702
6724 3.93199920654
6724 3.72195243835
6707 3.70502471924
6687 3.37314605713
6644 3.35907936096
6640 4.87089157104
6640 3.79395484924
6633 4.57692146301
6629 3.09205055237
6620 4.32300567627
6615 3.84402275085
6615 3.74388694763
6592 3.25489044189
6591 3.38506698608
6591 3.85999679565
6582 4.478931427
6573 3.26800346375
6573 3.40795516968
6573 3.49998474121
6564 3.58605384827
6558 3.43894958496
6558 3.30495834351
6532 3.47208976746
6509 3.78012657166
6509 4.6660900116
6509 3.50713729858
6509 3.00216674805
6509 3.0210018158
6503 4.15110588074
6486 3.65996360779
6486 3.43298912048
6424 3.26204299927
6401 17.4179077148
6401 3.52501869202
6376 3.29518318176
6376 3.03196907043
6376 3.24392318726
6376 4.2188167572
6376 4.27103042603
6376 4.36806678772
6376 3.69691848755
6361 3.96490097046
6349 3.73983383179
6349 3.93605232239
6349 3.5388469696
6349 3.04222106934
6299 4.02307510376
6299 3.57508659363
6299 3.19600105286
6291 3.2639503479
6291 3.02815437317
6279 3.58200073242
6279 3.26704978943
6248 3.21912765503
6248 3.31711769104
6248 2.89297103882
6248 3.88288497925
6248 3.4339427948
6220 3.37409973145
6220 3.18002700806
6220 3.005027771
6219 3.43203544617
6199 3.2069683075
6199 3.63683700562
6199 3.28397750854
6199 3.20410728455
6196 3.68499755859
6191 3.6678314209
6191 3.1840801239
6174 3.09705734253
6174 3.27396392822
6168 3.81803512573
6158 4.39310073853
6122 3.39198112488
6122 3.10492515564
6122 3.38578224182
6114 3.25512886047
6079 3.16214561462
6046 3.1430721283
6026 2.99596786499
6016 3.04913520813
6014 3.42202186584
6014 3.61108779907
6014 3.15999984741
6012 3.12399864197
6010 3.40509414673
6010 3.47495079041
6009 3.61919403076
6008 3.11493873596
6008 3.02004814148
6008 3.1898021698
6008 3.69095802307
6008 3.31401824951
6006 3.12209129333
6006 3.25417518616
6006 3.01003456116
6006 3.73482704163
6006 4.18901443481
6006 3.18908691406
6006 3.13806533813
6006 3.46112251282
6005 3.28588485718
5999 4.11701202393
5999 3.28493118286
5999 3.19695472717
5999 3.89003753662
5989 3.45396995544
5978 3.12113761902
5978 3.58200073242
5977 3.22794914246
5973 3.48401069641
5973 3.54909896851
5972 3.61204147339
5972 3.23700904846
5964 3.27897071838
5964 0.23889541626
5961 3.25894355774
5961 3.77202033997
5961 2.96187400818
5949 2.91991233826
5921 3.22794914246
5921 3.47590446472
5921 3.49593162537
5891 3.16405296326
5891 3.39078903198
5891 2.84504890442
5891 3.33380699158
5856 3.47805023193
5856 3.1430721283
5856 3.21984291077
5856 3.16214561462
5856 2.99286842346
5856 2.92086601257
5856 2.83908843994
5856 2.96998023987
5856 2.9878616333
5856 3.25083732605
5854 3.59606742859
5854 3.49307060242
5854 3.39412689209
5839 3.12089920044
5821 3.0210018158
5808 3.37696075439
5782 3.05986404419
5782 2.93779373169
5780 2.79402732849
5780 2.83408164978
5750 10.5588436127
5750 3.01885604858
5750 2.94399261475
5750 2.79498100281
5736 2.95114517212
5727 3.15499305725
5727 3.01599502563
5727 2.97212600708
5727 2.81715393066
5727 2.98595428467
5712 3.01003456116
5712 2.94899940491
5712 3.08394432068
5712 2.99501419067
5712 4.01616096497
5712 3.67617607117
5694 3.71503829956
5673 3.19194793701
5673 2.99310684204
5668 2.96688079834
5657 2.98190116882
5657 3.07297706604
5637 3.26991081238
5631 2.87318229675
5631 3.03888320923
5629 3.7260055542
5624 4.2610168457
5624 6.17408752441
5624 4.98604774475
5624 3.37696075439
5624 3.34405899048
5600 3.68905067444
5590 3.10921669006
5590 3.63993644714
5590 4.46510314941
5590 3.45015525818
5562 3.09109687805
5562 3.56698036194
5562 4.90188598633
5562 3.37815284729
5562 2.98595428467
5551 4.65297698975
5551 4.72593307495
5548 4.25720214844
5548 3.28302383423
5548 3.25918197632
5537 3.56316566467
5537 3.36194038391
5537 3.14688682556
5537 2.83408164978
5537 3.90291213989
5537 3.46994400024
5537 4.06694412231
5537 3.03101539612
5537 3.08012962341
5532 3.17907333374
5532 3.64899635315
5524 3.67403030396
5524 2.76923179626
5524 2.99787521362
5524 3.57508659363
5515 3.20100784302
5509 3.5707950592
5509 3.39293479919
5509 3.11994552612
5509 3.09801101685
5498 3.62586975098
5498 11.528968811
5497 3.07393074036
5476 2.96401977539
5476 2.88200378418
5474 2.90203094482
5451 4.27508354187
5451 3.99994850159
5451 3.01909446716
5438 2.9399394989
5438 3.06010246277
5427 2.94899940491
5427 2.98500061035
5427 2.93493270874
5427 2.9079914093
5427 2.9559135437
5421 2.92110443115
5421 2.73108482361
5421 2.97284126282
5421 2.96115875244
5413 2.96306610107
5413 3.03983688354
5413 2.86602973938
5406 2.8121471405
5406 4.7619342804
5406 3.60083580017
5406 3.48496437073
5379 3.23390960693
5379 2.98380851746
5379 2.81405448914
5363 3.98087501526
5363 4.20308113098
5302 3.8058757782
5302 3.28207015991
5302 3.00478935242
5302 2.85911560059
5302 2.81095504761
5302 2.94899940491
5302 2.97904014587
5302 3.78513336182
5302 3.43108177185
5302 3.19910049438
5302 2.90083885193
5302 2.85005569458
5284 2.87914276123
5284 4.58908081055
5283 3.7829875946
5283 3.65900993347
5283 3.10802459717
5271 2.93111801147
5271 2.99000740051
5271 2.83002853394
5271 3.41892242432
5271 4.30417060852
5267 3.64899635315
5267 3.42607498169
5195 3.12900543213
5195 3.04794311523
5195 2.87890434265
5195 2.82001495361
5195 4.30798530579
5195 3.6678314209
5195 3.55315208435
5195 3.15999984741
5195 2.98094749451
5195 2.85196304321
5195 2.87318229675
5195 3.05390357971
5195 2.85291671753
5195 2.87103652954
5195 2.89011001587
5195 2.89487838745
5186 2.82406806946
5186 2.95305252075
5186 2.85291671753
5186 2.93397903442
5186 2.74705886841
5186 3.11088562012
5186 2.92491912842
5186 2.89082527161
5179 2.77495384216
5179 3.04985046387
5174 4.46891784668
5155 3.79085540771
5155 3.38292121887
5155 3.15093994141
5146 2.73609161377
5146 3.00288200378
5108 2.89702415466
5108 2.9149055481
5108 2.88009643555
5103 2.80594825745
5096 2.96211242676
5096 2.93302536011
5062 2.77996063232
5060 2.85601615906
5060 0.144004821777
5060 3.02314758301
5055 2.90608406067
5055 3.11088562012
5055 4.48298454285
5050 3.82804870605
5050 4.38189506531
5050 3.95798683167
5050 3.99708747864
5050 3.80802154541
5050 3.22699546814
5050 2.89988517761
5050 4.52494621277
5050 3.5080909729
5050 3.04913520813
5050 3.12805175781
5050 4.77194786072
5050 3.338098526
5050 2.94303894043
5050 2.84600257874
5050 15.6350135803
5050 3.07893753052
5039 3.14712524414
5039 3.36217880249
5031 3.90195846558
5022 4.37498092651
4999 3.73387336731
4999 4.98008728027
4999 4.63795661926
4999 3.40604782104
4973 4.17685508728
4973 5.46908378601
4962 3.3118724823
4962 3.29113006592
4962 4.36902046204
4962 4.74405288696
4962 2.97093391418
4962 3.00288200378
4962 3.18813323975
4962 3.3221244812
4962 4.45294380188
4958 2.9468536377
4941 2.97999382019
4941 3.0369758606
4941 3.26704978943
4941 3.10611724854
4934 2.9239654541
4934 2.79808044434
4934 4.23693656921
4934 4.4219493866
4919 3.41296195984
4918 3.08704376221
4918 3.02505493164
4918 2.84790992737
4914 2.87699699402
4914 2.87103652954
4879 3.17716598511
4869 3.00598144531
4869 2.92706489563
4869 2.91013717651
4869 2.96115875244
4869 3.0198097229
4869 3.92484664917
4869 4.01782989502
4840 3.68785858154
4840 3.25894355774
4820 2.94303894043
4817 2.90203094482
4817 2.93898582458
4817 2.74801254272
4817 2.79903411865
4817 3.70287895203
4817 4.31609153748
4804 3.71694564819
4801 3.34095954895
4801 3.02505493164
4794 2.99501419067
4794 2.8510093689
4789 2.75206565857
4789 2.77996063232
4789 2.98500061035
4789 2.71987915039
4785 2.97689437866
4785 2.96115875244
4767 2.92706489563
4767 2.74682044983
4765 2.81000137329
4765 10.5290412903
4765 2.96807289124
4765 0.16713142395
4765 2.88605690002
4765 2.92015075684
4763 4.49299812317
4749 3.78394126892
4749 3.51476669312
4744 3.22008132935
4744 3.09419631958
4744 2.99406051636
4731 2.89583206177
4731 2.70891189575
4731 3.01718711853
4731 2.86793708801
4730 2.97999382019
4730 0.316858291626
4728 2.96306610107
4723 2.78687477112
4723 3.0210018158
4723 2.83694267273
4699 2.77614593506
4699 3.09586524963
4699 2.9399394989
4699 2.8760433197
4699 2.81095504761
4699 2.75802612305
4699 2.99191474915
4699 2.92491912842
4699 2.88105010986
4699 2.93302536011
4699 2.95305252075
4688 2.69317626953
4680 4.54092025757
4680 3.87477874756
4667 3.6461353302
4664 3.07703018188
4660 2.85792350769
4660 3.02219390869
4642 3.23390960693
4642 2.94995307922
4642 2.74395942688
4642 2.87818908691
4642 2.9149055481
4634 2.94184684753
4632 2.89011001587
4618 2.98094749451
4618 2.85315513611
4616 2.760887146
4609 4.06289100647
4609 3.90887260437
4599 3.79395484924
4599 3.19409370422
4599 2.92706489563
4599 3.05390357971
4594 2.92301177979
4594 2.8760433197
4586 2.78615951538
4579 2.84504890442
4579 2.76708602905
4579 2.85506248474
4579 2.83789634705
4579 2.70485877991
4579 2.74109840393
4558 2.87795066833
4558 2.93707847595
4558 2.88200378418
4558 2.9239654541
4558 2.81596183777
4541 2.73513793945
4541 2.92491912842
4541 3.09896469116
4541 3.07703018188
4541 2.90584564209
4541 2.78687477112
4541 3.04317474365
4541 4.09603118896
4539 3.33881378174
4539 2.97594070435
4539 2.94589996338
4524 3.09991836548
4503 4.57382202148
4478 3.8731098175
4478 3.73196601868
4478 4.72903251648
4459 4.20308113098
4459 3.13115119934
4459 3.03101539612
4459 2.88319587708
4459 2.98190116882
4452 2.94280052185
4450 5.69796562195
4450 4.80103492737
4450 5.42998313904
4449 5.95307350159
4449 4.66108322144
4449 3.53503227234
4449 3.15499305725
4417 4.03189659119
4417 3.48711013794
4417 3.08895111084
4417 3.89194488525
4417 3.7989616394
4417 3.23295593262
4417 3.05581092834
4417 3.25608253479
4417 3.8800239563
4417 4.31299209595
4417 2.97904014587
4405 2.93111801147
4405 4.61292266846
4405 4.21690940857
4405 3.40390205383
4405 3.05700302124
4405 2.94995307922
4405 3.25989723206
4405 12.0141506195
4404 2.91705131531
4404 3.01003456116
4404 2.95686721802
4404 2.88200378418
4404 2.88701057434
4404 3.00216674805
4404 2.84910202026
4404 2.69508361816
4404 2.98380851746
4404 2.79498100281
4398 2.79307365417
4394 2.87103652954
4394 2.90703773499
4394 3.06606292725
4394 2.92205810547
4394 2.86102294922
4394 2.84504890442
4394 2.86412239075
4394 2.72488594055
4394 2.73704528809
4394 4.34994697571
4394 4.1069984436
4382 3.7989616394
4382 3.39913368225
4382 2.83312797546
4382 2.91419029236
4379 2.77590751648
4379 2.82406806946
4379 2.76494026184
4379 2.8440952301
4379 2.95495986938
4379 2.83789634705
4379 2.78615951538
4379 2.78806686401
4379 2.74395942688
4379 4.22406196594
4379 3.77511978149
4379 3.6838054657
4379 3.12209129333
4379 3.005027771
4371 2.7871131897
4371 2.96187400818
4371 2.77090072632
4371 2.91705131531
4371 2.83098220825
4363 2.85911560059
4363 2.79808044434
4363 4.60290908813
4363 3.61180305481
4363 3.71408462524
4363 3.2160282135
4363 3.00407409668
4363 2.76398658752
4363 3.07607650757
4363 2.87199020386
4360 2.98500061035
4360 2.78520584106
4355 2.97498703003
4355 2.80904769897
4352 2.84504890442
4352 2.90107727051
4352 2.7289390564
4352 2.70891189575
4343 4.36615943909
4337 4.02808189392
4334 3.7579536438
4334 10.9758377075
4334 2.92587280273
4320 2.80785560608
4320 2.75707244873
4320 2.9239654541
4320 2.92611122131
4320 2.69103050232
4320 2.83288955688
4320 2.73895263672
4316 2.76803970337
4316 2.89487838745
4316 2.94494628906
4316 2.81691551208
4316 2.74705886841
4316 2.69103050232
4316 2.91109085083
4316 3.54909896851
4308 4.08911705017
4305 3.70001792908
4298 3.45206260681
4267 3.04508209229
4267 2.87199020386
4267 2.71415710449
4267 2.74991989136
4267 2.73609161377
4267 2.89392471313
4267 2.96521186829
4267 2.81000137329
4262 2.83408164978
4262 2.75087356567
4255 2.76613235474
4255 2.81310081482
4255 2.8829574585
4240 2.9730796814
4240 2.88891792297
4240 2.86197662354
4240 2.7117729187
4240 2.76279449463
4240 3.3597946167
4240 3.56698036194
4240 3.60417366028
4239 2.96998023987
4239 3.26299667358
4239 3.81398200989
4239 2.98190116882
4239 3.01384925842
4239 3.09491157532
4239 3.64899635315
4239 3.34906578064
4239 2.86102294922
4239 2.97403335571
4239 3.04818153381
4217 2.94589996338
4217 2.87818908691
4217 3.18598747253
4210 2.88391113281
4205 2.78997421265
4191 2.82096862793
4167 3.93509864807
4167 3.33094596863
4167 2.96211242676
4167 3.00812721252
4167 2.99310684204
4166 3.33881378174
4166 3.43298912048
4166 3.01098823547
4166 2.8510093689
4166 3.07989120483
4160 3.13305854797
4160 4.73189353943
4160 3.33499908447
4160 2.80499458313
4160 2.86793708801
4160 2.88605690002
4160 2.83193588257
4160 3.57103347778
4160 4.51993942261
4160 4.62603569031
4160 4.30488586426
4160 3.11398506165
4160 2.95519828796
4160 2.95209884644
4157 3.64208221436
4157 4.30011749268
4157 3.39508056641
4132 3.05700302124
4124 2.9149055481
4124 3.02290916443
4124 3.91888618469
4124 3.29089164734
4123 2.87294387817
4119 2.9079914093
4118 0.180959701538
4118 3.08895111084
4118 4.48107719421
4118 4.19902801514
4118 3.60298156738
4118 3.10111045837
4118 2.98500061035
4118 2.78115272522
4118 2.91395187378
4118 2.93707847595
4118 3.08609008789
4118 2.83789634705
4118 2.80690193176
4118 2.87318229675
4116 2.87699699402
4104 2.95996665955
4104 2.76207923889
4104 2.8669834137
4104 2.94709205627
4104 3.61514091492
4104 4.31609153748
4104 3.97515296936
4104 3.25798988342
4104 10.9169483185
4104 2.97999382019
4104 2.8178691864
4092 2.91991233826
4092 2.83598899841
4092 2.8190612793
4049 2.83908843994
4049 2.80594825745
4049 3.08799743652
4049 4.55212593079
4049 3.9050579071
4049 3.81088256836
4036 3.2479763031
4036 2.93898582458
4036 2.84600257874
4036 2.8600692749
4031 2.90203094482
4010 2.77018547058
4010 3.04102897644
4010 4.34517860413
3976 4.10294532776
3975 4.40979003906
3975 3.79681587219
3975 3.94201278687
3975 3.42798233032
3970 0.225067138672
3970 3.22484970093
3970 2.82096862793
3955 2.8920173645
3955 2.93684005737
3955 2.90298461914
3945 3.08799743652
3945 2.8920173645
3945 2.82597541809
3945 2.99215316772
3938 3.05485725403
3938 4.92286682129
3936 3.42082977295
3936 3.34191322327
3933 4.3089389801
3910 4.13799285889
3910 4.21905517578
3890 4.40382957458
3890 4.01091575623
3878 3.41796875
3878 3.04698944092
3862 3.27301025391
3851 3.17287445068
3851 3.55005264282
3851 3.44800949097
3851 2.9730796814
3851 3.19790840149
3851 3.26299667358
3851 3.497838974
3851 3.75509262085
3851 3.17096710205
3851 3.34978103638
3844 3.338098526
3844 4.43506240845
3844 3.1840801239
3844 3.48019599915
3844 3.31401824951
