18179 19.4630622864
18170 9.05394554138
18163 7.40385055542
18163 8.23307037354
18159 7.45892524719
18151 8.20589065552
18145 7.19499588013
18110 7.64083862305
18110 24.8191356659
18106 8.92305374146
18083 6.88910484314
18064 6.70194625854
18064 8.68201255798
18058 7.55286216736
18053 8.3179473877
18032 7.74192810059
18032 9.36698913574
18024 8.52489471436
17996 7.26699829102
17977 6.90984725952
17977 7.59196281433
17977 5.90991973877
17977 7.75599479675
17962 7.18784332275
17962 7.52305984497
17949 7.25293159485
17883 7.15494155884
17883 7.27295875549
17872 7.36689567566
17872 7.9710483551
17872 6.25801086426
17872 8.00800323486
17831 6.46996498108
17824 7.96985626221
17800 7.32684135437
17790 15.7151222229
17790 7.85803794861
17777 6.21199607849
17776 6.14404678345
17775 6.00910186768
17775 5.73706626892
17765 5.92708587646
17754 6.27207756042
17722 8.2380771637
17722 7.31015205383
17722 6.11209869385
17722 6.00814819336
17713 5.774974823
17703 5.99980354309
17703 6.00409507751
17703 5.94997406006
17672 5.75399398804
17672 5.80501556396
17663 5.9769153595
17636 5.78594207764
17636 5.73492050171
17636 6.03413581848
17636 5.90205192566
17618 5.80501556396
17618 5.82194328308
17618 5.93400001526
17595 17.0869827271
17580 7.7178478241
17552 7.59100914001
17552 6.36291503906
17540 8.66103172302
17540 6.79302215576
17540 8.16607475281
17518 7.00807571411
17518 7.16209411621
17506 5.85007667542
17506 6.2780380249
17487 8.35514068604
17487 6.45399093628
17480 8.40902328491
17480 7.69186019897
17465 9.05299186707
17439 5.863904953
17439 9.28807258606
17439 7.62605667114
17426 6.64401054382
17426 6.94489479065
17406 6.91795349121
17383 9.4621181488
17383 6.19196891785
17368 9.00387763977
17362 7.55095481873
17362 6.11710548401
17362 15.6619548798
17304 5.94687461853
17301 5.6529045105
17233 5.72681427002
17233 5.61499595642
17233 5.6312084198
17233 5.73396682739
17217 6.99901580811
17217 8.141040802
17194 6.35099411011
17189 5.57208061218
17186 5.56588172913
17186 5.99694252014
17168 5.8741569519
17165 5.74994087219
17165 5.82504272461
17165 5.50198554993
17123 6.28614425659
17059 5.91397285461
17059 6.0338973999
17059 7.15208053589
17020 7.80606269836
17001 6.03795051575
17000 6.66117668152
16995 9.24801826477
16981 7.70998001099
16966 5.8810710907
16944 16.9298648834
16944 6.30307197571
16944 5.8479309082
16941 5.78999519348
16941 6.108045578
16941 5.63287734985
16941 5.78498840332
16936 6.41798973083
16934 5.70487976074
16923 6.36792182922
16923 8.3019733429
16922 6.82616233826
16922 5.76996803284
16906 5.64813613892
16861 5.8958530426
16844 6.05893135071
16839 6.10899925232
16839 5.73897361755
16839 5.7418346405
16839 5.70511817932
16839 5.94091415405
16839 6.1731338501
16818 6.20913505554
16818 8.1639289856
16811 6.29997253418
16783 8.14008712769
16783 17.6749229431
16783 5.91802597046
16783 9.10711288452
16775 7.23600387573
16752 7.91192054749
16752 6.20198249817
16752 10.4849338531
16732 6.58679008484
16732 9.15193557739
16721 7.11703300476
16707 6.32691383362
16696 7.21001625061
16696 6.47020339966
16696 7.75003433228
16696 6.45112991333
16696 8.04901123047
16637 6.62207603455
16609 7.56597518921
16571 8.13817977905
16545 7.19809532166
16513 6.73198699951
16513 6.0248374939
16510 7.55214691162
16494 5.97476959229
16450 6.28113746643
16432 7.57694244385
16428 7.10892677307
16427 20.791053772
16411 6.81614875793
16403 6.55102729797
16403 7.16114044189
16403 5.55801391602
16403 5.69295883179
16376 6.23512268066
16376 5.63812255859
16376 5.93400001526
16376 6.34598731995
16329 6.05392456055
16329 5.80096244812
16327 5.92398643494
16327 7.49397277832
16327 7.41696357727
16327 6.35290145874
16327 5.96213340759
16327 6.35194778442
16327 5.74707984924
16327 5.67007064819
16318 5.8000087738
16295 6.02889060974
16293 5.59496879578
16293 5.89990615845
16285 6.10208511353
16268 5.64289093018
16268 14.7008895874
16268 6.20102882385
16249 8.24189186096
16244 7.54404067993
16244 5.70607185364
16240 5.80096244812
16240 5.72609901428
16226 5.75804710388
16209 5.83291053772
16198 6.65402412415
16193 6.0088634491
16157 7.87210464478
16157 8.02302360535
16157 7.62319564819
16157 6.06894493103
16110 6.45208358765
16110 6.55889511108
16110 9.36102867126
16110 7.34305381775
16110 6.68692588806
16076 7.79795646667
16076 6.54101371765
16041 6.32691383362
15994 8.46910476685
15994 10.0181102753
15994 7.68613815308
15976 5.92708587646
15966 19.8628902435
15966 6.14714622498
15966 10.085105896
15926 5.98907470703
15926 6.26993179321
15926 5.71799278259
15926 5.99908828735
15898 6.14809989929
15898 7.66205787659
15898 7.39598274231
15898 6.07299804688
15898 5.79905509949
15883 5.92803955078
15883 5.85293769836
15866 5.81479072571
15864 5.51795959473
15857 8.09001922607
15857 8.63599777222
15857 6.97088241577
15857 6.19697570801
15837 5.88083267212
15837 5.94592094421
15837 5.60116767883
15763 5.79690933228
15736 6.20603561401
15736 5.51009178162
15685 6.16002082825
15670 14.5761966705
15658 8.10599327087
15632 7.65109062195
15632 5.76686859131
15592 5.9289932251
15588 5.76305389404
15588 5.73992729187
15547 5.9278011322
15547 5.61690330505
15529 5.85317611694
15525 5.68199157715
15517 5.65099716187
15516 7.89785385132
15516 6.95300102234
15516 5.99408149719
15516 5.40518760681
15498 5.91087341309
15483 6.04510307312
15483 6.06513023376
15476 5.98883628845
15458 5.87797164917
15458 5.99598884583
15458 5.84697723389
15458 5.86295127869
15458 6.187915802
15430 7.45987892151
15380 17.0979499817
15380 6.62684440613
15379 7.78698921204
15367 6.66308403015
15367 8.93115997314
15354 7.8010559082
15354 6.53600692749
15354 6.23202323914
15349 7.13086128235
15349 8.08191299438
15349 6.35099411011
15349 8.33702087402
15329 8.48984718323
15319 9.13405418396
15319 6.74390792847
15319 8.98790359497
15315 7.17496871948
15274 6.67691230774
15274 7.39097595215
15274 8.34703445435
15259 6.11305236816
15259 7.70807266235
15259 9.33504104614
15259 6.46090507507
15230 6.11305236816
15230 5.88512420654
15230 5.70297241211
15230 17.6389217377
15230 7.32588768005
15202 7.38310813904
15202 6.15501403809
15202 6.11996650696
15202 5.85198402405
15145 5.81192970276
15145 5.94305992126
15145 6.09111785889
15118 6.22200965881
15118 6.05607032776
15118 5.76496124268
15102 5.9769153595
15091 6.22606277466
15091 5.87892532349
15086 6.89387321472
15076 7.90405273438
14999 6.49118423462
14999 6.0498714447
14999 6.29305839539
14999 5.76305389404
14997 6.12306594849
14947 8.61406326294
14923 6.35099411011
14923 6.00790977478
14923 5.70011138916
14889 15.967130661
14889 6.01100921631
14854 6.00790977478
14853 7.57002830505
14853 5.75804710388
14840 5.85317611694
14840 5.67603111267
14840 5.84602355957
14840 7.70401954651
14840 7.96914100647
14840 5.97906112671
14814 6.90507888794
14814 7.94696807861
14814 6.37698173523
14814 5.78498840332
14814 5.90801239014
14814 5.77616691589
14810 5.9220790863
14810 6.05797767639
14803 6.28209114075
14796 7.83205032349
14796 6.99710845947
14796 7.78079032898
14796 7.33399391174
14729 6.54983520508
14729 5.94997406006
14668 5.80191612244
14666 22.6249694824
14648 7.51900672913
14644 6.53505325317
14644 7.8718662262
14644 5.80906867981
14640 9.60087776184
14640 7.37905502319
14637 6.42585754395
14614 6.82592391968
14609 6.05607032776
14585 7.46893882751
14545 7.22789764404
14545 9.92798805237
14545 5.95092773438
14531 6.70289993286
14522 8.85510444641
14522 6.87408447266
14522 6.76107406616
14510 6.36696815491
14510 6.21581077576
14510 6.24489784241
14510 6.26397132874
14510 5.96284866333
14510 5.88512420654
14510 5.63788414001
14510 5.60593605042
14510 6.94108009338
14458 16.4577960968
14407 5.46312332153
14394 6.07991218567
14393 6.07585906982
14374 6.16216659546
14366 5.86891174316
14328 5.86009025574
14322 5.96404075623
14322 5.78713417053
14318 6.178855896
14293 5.83481788635
14286 5.76090812683
14286 5.56302070618
14286 6.23512268066
14286 7.31921195984
14248 7.72094726562
14241 6.4799785614
14241 5.67603111267
14241 5.8798789978
14241 5.63597679138
14241 6.02197647095
14233 5.80310821533
14233 5.64694404602
14231 5.71799278259
14231 5.7737827301
14231 6.14500045776
14228 15.1209831238
14224 5.50198554993
14224 5.79714775085
14224 5.91015815735
14162 5.87797164917
14159 6.1149597168
14159 5.73682785034
14149 6.0977935791
14113 8.74400138855
14113 6.85501098633
14097 6.27088546753
14091 6.48903846741
14091 8.56494903564
14091 6.60419464111
14090 8.22806358337
14090 7.24196434021
14060 8.51798057556
14059 6.29806518555
14050 10.6029510498
14050 6.4070224762
14050 7.25889205933
14048 8.63003730774
14048 10.6308460236
14048 7.74908065796
14048 8.36992263794
14047 8.05401802063
14047 6.72101974487
14047 17.6990032196
14047 6.73508644104
14047 9.39202308655
14042 7.31897354126
14042 9.57298278809
14015 7.54618644714
14015 5.99193572998
13992 5.91993331909
13975 6.79898262024
13975 8.44502449036
13965 8.36205482483
13965 7.38286972046
13965 6.19387626648
13938 6.03985786438
13938 6.31999969482
13912 7.14802742004
13908 6.26611709595
13908 6.2301158905
13908 5.96404075623
13874 6.07991218567
13866 5.71990013123
13862 6.20198249817
13817 7.2181224823
13817 7.98010826111
13797 6.6602230072
13797 6.16788864136
13788 15.9521102905
13781 5.52701950073
13781 5.85198402405
13781 5.84697723389
13773 8.30888748169
13773 8.65483283997
13773 7.18092918396
13708 6.05201721191
13708 6.08921051025
13679 6.07085227966
13673 6.4480304718
13673 6.03008270264
13673 6.4959526062
13673 5.71799278259
13670 6.10089302063
13670 5.90801239014
13670 5.70321083069
13670 5.77902793884
13670 5.91397285461
13670 5.69009780884
13670 5.46097755432
13614 5.61809539795
13614 6.22510910034
13614 5.66697120667
13614 6.05511665344
13559 5.87797164917
13559 5.704164505
13559 20.3568935394
13556 7.42101669312
13555 8.39495658875
13543 6.29496574402
13535 6.28614425659
13535 6.20412826538
13535 6.91294670105
13535 9.15908813477
13535 6.63590431213
13535 0.574111938477
13524 9.39989089966
13513 7.2660446167
13513 10.5741024017
13513 7.13396072388
13513 9.96398925781
13513 8.83889198303
13513 7.98797607422
13491 6.67810440063
13491 8.59808921814
13491 6.16717338562
13491 7.97700881958
13491 5.97596168518
13481 7.46583938599
13481 6.84094429016
13474 7.84802436829
13473 7.76195526123
13441 5.8069229126
13441 6.33692741394
13441 15.1238441467
13441 5.87511062622
13438 5.67579269409
13438 6.16884231567
13438 8.64195823669
13430 6.14786148071
13412 6.24394416809
13402 6.49499893188
13384 6.35719299316
13384 5.97286224365
13384 7.98511505127
13384 7.4679851532
13384 6.41179084778
13379 6.01100921631
13379 6.39796257019
13379 5.96284866333
13379 9.56296920776
13379 7.2820186615
13379 6.13689422607
13379 6.10399246216
13375 6.11400604248
13375 8.42905044556
13366 7.04383850098
13366 5.93614578247
13359 5.66601753235
13282 5.45310974121
13282 15.6350135803
13281 5.79595565796
13281 5.69486618042
13281 5.68699836731
13281 6.22296333313
13281 6.19316101074
13273 5.63502311707
13260 7.4257850647
13256 7.53211975098
13256 6.70695304871
13256 6.13284111023
13239 5.58996200562
13239 8.5608959198
13224 6.78205490112
13221 5.86199760437
13187 6.46591186523
13187 5.88393211365
13187 8.45003128052
13187 6.76393508911
13187 8.63790512085
13187 6.44183158875
13184 5.94592094421
13184 6.31189346313
13184 10.586977005
13183 6.55102729797
13183 7.46393203735
13167 6.53004646301
13148 19.0501213074
13142 7.78794288635
13106 8.68201255798
13106 6.35886192322
13097 6.21318817139
13097 5.93113899231
13080 8.13508033752
13080 7.14802742004
13080 8.61787796021
13080 6.85977935791
13080 6.0350894928
13080 6.19006156921
13080 6.3419342041
13041 6.10899925232
13041 6.13498687744
13041 5.83600997925
13041 5.55610656738
13041 5.85412979126
13041 5.75494766235
13041 5.8331489563
13041 5.85603713989
13026 6.02197647095
13024 5.61308860779
13006 6.10303878784
13006 8.48007202148
12949 8.29887390137
12929 17.991065979
12893 6.65283203125
12873 5.85293769836
12871 5.94997406006
12871 5.90705871582
12871 6.00099563599
12871 5.55014610291
12854 5.97500801086
12854 5.8810710907
12843 5.66005706787
12829 6.0830116272
12826 9.14788246155
12826 7.71903991699
12826 6.01601600647
12826 5.7909488678
12826 6.18004798889
12826 8.12816619873
12826 7.36093521118
12826 5.90109825134
12821 8.51392745972
12821 8.77594947815
12821 6.80780410767
12821 6.17384910583
12791 5.72896003723
12773 5.98311424255
12773 5.94210624695
12773 7.62295722961
12773 17.4860954285
12753 5.95593452454
12753 5.94091415405
12751 5.79595565796
12751 5.74898719788
12751 7.66086578369
12739 8.04805755615
12731 6.97112083435
12731 7.58409500122
12731 7.22908973694
12725 6.23989105225
12725 6.2370300293
12725 6.28018379211
12725 9.41014289856
12692 6.5598487854
12692 7.89999961853
12692 7.82513618469
12672 7.43699073792
12672 6.92296028137
12672 8.14008712769
12669 7.39192962646
12669 6.5279006958
12667 7.21597671509
12647 8.37683677673
12647 6.61087036133
12638 8.76188278198
12638 9.80305671692
12638 14.9660110474
12598 5.84292411804
12594 5.84197044373
12594 5.97500801086
12594 8.6681842804
12594 7.33304023743
12588 6.07705116272
12588 5.94401359558
12588 9.113073349
12588 7.13896751404
12563 5.69081306458
12525 6.15692138672
12525 6.1240196228
12478 5.8970451355
12469 5.96904754639
12469 5.6049823761
12454 6.19602203369
12454 5.85603713989
12454 5.82385063171
12454 6.03199005127
12454 5.9220790863
12454 5.70321083069
12445 6.28089904785
12425 6.08992576599
12425 5.73015213013
12425 6.15096092224
12425 15.8851146698
12425 6.14213943481
12410 5.68509101868
12399 6.0031414032
12399 5.44905662537
12386 6.10494613647
12386 6.01410865784
12386 5.88703155518
12386 5.90515136719
12382 6.27899169922
12377 5.93280792236
12377 5.80191612244
12377 6.1981678009
12348 6.05607032776
12348 5.93781471252
12333 5.66601753235
12333 5.8479309082
12333 6.26707077026
12329 5.97596168518
12329 5.92184066772
12317 5.64885139465
12311 6.12020492554
12311 5.95903396606
12301 6.35600090027
12301 5.78808784485
12288 5.9220790863
12288 5.95688819885
12261 22.6800441742
12254 7.07101821899
12254 5.99789619446
12248 8.19277763367
12248 8.131980896
12248 8.70800018311
12248 5.86700439453
12248 7.86781311035
12248 6.05988502502
12188 10.4742050171
12188 7.03310966492
12188 6.43301010132
12171 7.3070526123
12171 6.41202926636
12171 6.93297386169
12171 7.77912139893
12135 8.20302963257
12135 6.63089752197
12135 9.98401641846
12130 6.4058303833
12130 6.74915313721
12130 6.86407089233
12130 5.80191612244
12130 5.74898719788
12130 6.37483596802
12130 8.3749294281
12130 16.6838169098
12130 6.18505477905
12130 6.20889663696
12130 5.64694404602
12129 5.76901435852
12129 7.88998603821
12127 9.07802581787
12127 7.50088691711
12124 5.95998764038
12099 5.93304634094
12099 5.84411621094
12099 6.25514984131
12099 7.27581977844
12099 6.41512870789
12099 6.1891078949
12085 6.11090660095
12085 7.58600234985
12085 8.41999053955
12085 8.37516784668
12073 6.30688667297
12073 5.82504272461
12073 5.84006309509
12073 5.96404075623
12061 6.05988502502
12043 6.03199005127
12043 6.44302368164
12043 5.55396080017
12043 14.867067337
12043 6.10518455505
12043 6.098985672
12043 5.89513778687
12032 5.99312782288
12032 5.88202476501
12032 5.75590133667
12028 7.03287124634
12028 8.36110115051
12028 6.74486160278
12028 5.84602355957
12028 6.10709190369
12028 6.46591186523
12028 5.76400756836
11991 6.57391548157
11979 6.04009628296
11979 9.08994674683
11979 7.02810287476
11979 7.90882110596
11979 6.91485404968
11979 8.82196426392
11979 6.81185722351
11979 7.17997550964
11979 7.47013092041
11979 6.343126297
11979 6.89816474915
11979 7.41696357727
11979 17.1020030975
11979 7.59887695312
11979 7.08699226379
11968 6.43706321716
11968 6.10089302063
11968 7.05099105835
11968 9.76896286011
11959 6.35385513306
11959 7.73501396179
11959 6.17289543152
11954 5.90014457703
11954 5.98406791687
11954 6.05916976929
11924 7.96794891357
11924 8.84485244751
11924 6.88505172729
11924 6.12497329712
11907 5.80787658691
11907 6.4160823822
11907 8.19897651672
11907 6.22391700745
11899 6.19983673096
11890 6.4709186554
11878 5.88488578796
11878 5.75399398804
11878 5.8810710907
11878 15.8741474152
11878 5.56707382202
11864 6.40296936035
11862 6.07681274414
11862 6.17480278015
11862 6.11400604248
11862 6.07800483704
11862 6.48999214172
11831 6.03103637695
11829 5.86009025574
11824 8.12602043152
11824 5.97310066223
11824 6.30187988281
11824 5.98978996277
11820 5.96284866333
11812 6.37483596802
11806 5.51915168762
11806 5.85389137268
11806 5.92112541199
11783 5.76591491699
11783 5.55014610291
11783 6.05010986328
11783 5.91087341309
11783 5.75613975525
11783 6.06918334961
11783 5.75995445251
11765 6.01196289062
11765 17.1220302582
11760 6.31189346313
11760 5.88703155518
11760 7.66706466675
11760 7.56597518921
11740 6.48403167725
11726 5.71417808533
11726 6.39605522156
11726 7.46512413025
11690 6.78396224976
11690 7.7760219574
11667 6.13212585449
11667 6.43801689148
11667 5.63597679138
11667 6.11710548401
11667 7.4360370636
11667 6.26111030579
11667 6.25395774841
11667 9.14096832275
11651 7.00306892395
11651 7.33590126038
11644 6.96802139282
11644 9.08923149109
11644 6.92105293274
11631 6.76488876343
11631 6.18195533752
11617 19.5200443268
11600 7.87401199341
11591 5.8810710907
11591 6.08086585999
11577 6.17790222168
11576 5.88893890381
11534 5.74898719788
11534 7.51996040344
11534 8.23283195496
11515 6.46901130676
11515 5.82194328308
11515 5.84197044373
11515 5.91015815735
11515 5.73992729187
11512 5.774974823
11512 6.00790977478
11512 8.63480567932
11512 8.85891914368
11512 6.16812705994
11512 6.19196891785
11502 6.02912902832
11502 5.61809539795
11502 6.1399936676
11491 7.49397277832
11491 8.56399536133
11491 7.70401954651
11491 7.53378868103
11458 16.3950920105
11458 5.73515892029
11457 8.93998146057
11443 6.58583641052
11443 6.16002082825
11423 6.30497932434
11423 5.97500801086
11423 5.8388710022
11423 5.78498840332
11415 5.9289932251
11415 5.42187690735
11415 7.38406181335
11412 8.15081596375
11412 6.45303726196
11412 6.02912902832
11406 5.8319568634
11376 5.92994689941
11376 6.74700737
11376 9.29284095764
11376 7.43198394775
11376 5.66005706787
11376 6.63304328918
11376 6.38294219971
11376 7.17902183533
11362 7.87210464478
11362 7.45606422424
11362 6.63208961487
11345 16.6158676147
11338 6.71887397766
11338 7.67612457275
11325 8.1889629364
11325 9.67788696289
11319 7.02500343323
11319 7.36308097839
11319 6.64091110229
11298 7.13109970093
11298 7.23886489868
11298 7.93886184692
11285 6.90293312073
11285 7.63487815857
11285 7.25913047791
11285 6.46495819092
11285 7.50803947449
11283 6.35004043579
11281 7.2169303894
11273 7.13419914246
11239 6.00385665894
11239 6.05511665344
11239 6.03008270264
11229 6.0031414032
11229 6.05893135071
11229 5.67507743835
11229 5.80501556396
11229 16.0419940948
11229 5.74803352356
11154 6.03699684143
11103 5.94210624695
11103 5.77688217163
11085 6.14285469055
11082 5.90181350708
11082 8.90517234802
11082 6.8371295929
11082 6.04200363159
11072 5.81002235413
11064 6.09397888184
11047 5.86795806885
11047 6.16979598999
11047 5.78594207764
11046 5.93590736389
11045 5.88202476501
11004 5.93709945679
11004 5.99718093872
11004 5.5718421936
10990 5.62000274658
10990 7.07006454468
10990 8.91613960266
10990 8.0680847168
10990 6.75797462463
10981 5.85579872131
10957 6.02912902832
10955 14.7759914398
10951 6.10494613647
10951 6.49094581604
10951 5.81479072571
10934 5.92494010925
10934 6.24203681946
10934 5.8970451355
10934 7.22599029541
10924 9.00101661682
10924 7.30204582214
10924 5.87201118469
10924 5.73801994324
10922 6.01816177368
10897 6.40606880188
10877 6.79588317871
10868 6.66904449463
10854 5.85293769836
10827 8.31007957458
10827 6.73604011536
10803 6.01005554199
10782 6.58893585205
10782 6.12807273865
10782 8.38994979858
10782 6.91294670105
10782 7.66396522522
10782 9.70005989075
10782 24.640083313
10782 6.72698020935
10782 7.00092315674
10782 7.47990608215
10764 7.39693641663
10753 7.22408294678
10753 6.70099258423
10753 7.18903541565
