1193154 51734.7371578
1193142 665.473937988
1193121 616.900920868
1193077 605.913877487
1193075 626.994848251
1193070 607.252836227
1193062 623.314142227
1193039 586.54499054
1193039 582.775115967
1193036 2975.40283203
1193036 653.643846512
1193006 677.295923233
1193006 645.019054413
1193000 622.531890869
1192998 622.149944305
1192970 690.69814682
1192969 2791.76998138
1192969 602.39315033
1192969 593.548774719
1192959 634.654998779
1192959 671.242952347
1192921 658.58912468
1192921 2858.97898674
1192921 605.29088974
1192921 616.740942001
1192842 633.440971375
1192808 675.259828568
1192808 679.692029953
1192802 2920.09496689
1192802 620.51987648
1192797 628.383874893
1192797 626.924037933
1192786 638.566970825
1192784 662.271022797
1192765 2874.8061657
1192765 592.626094818
1192747 635.633945465
1192725 647.248983383
1192725 653.846979141
1192718 652.601003647
1192687 2953.2289505
1192658 691.642999649
1192637 698.197841644
1192582 710.400819778
1192582 672.137975693
1192543 709.208011627
1192537 2976.86696053
1192497 669.945001602
1192490 639.991044998
1192490 651.434898376
1192473 602.621078491
1192473 620.20611763
1192473 2814.38994408
1192453 610.25595665
1192442 655.655145645
1192442 644.218206406
1192442 635.480165482
1192442 656.030893326
1192442 2905.70998192
1192442 622.932910919
1192382 588.777065277
1192382 593.519926071
1192382 635.230064392
1192364 644.006967545
1192364 2858.56318474
1192358 610.968112946
1192314 663.889169693
1192314 611.47403717
1192262 647.061109543
1192262 619.218111038
1192237 3621.37103081
1192237 719.668865204
1192228 610.937833786
1192228 676.013946533
1192215 652.810096741
1192215 640.194177628
1192188 2918.53308678
1192188 613.624811172
1192188 677.414894104
1192188 607.965946198
1192181 600.008964539
1192181 619.032144547
1192167 599.543094635
1192162 3082.89790154
1192162 694.085836411
1192147 664.118766785
1192116 769.515991211
1192116 712.319850922
1192116 616.746902466
1192107 3379.33206558
1192107 584.277153015
1192102 625.319004059
1192080 615.391016006
1192080 728.163003922
1192021 658.783197403
1192021 2745.78309059
1192021 686.028003693
1192003 693.974971771
1191987 644.155979156
1191986 649.580955505
1191986 696.06089592
1191980 2704.23984528
1191930 580.380916595
1191907 620.804071426
1191880 707.307815552
1191871 685.169935226
1191842 672.357082367
1191839 3279.47592735
1191839 570.490837097
1191839 608.561038971
1191814 616.873979568
1191810 608.615875244
1191806 596.807956696
1191798 2934.18979645
1191791 642.231941223
1191791 608.060121536
1191791 613.28792572
1191791 689.873933792
1191785 603.181123734
1191785 2908.66994858
1191785 669.059038162
1191773 615.803956985
1191773 652.586936951
1191755 609.16018486
1191736 605.185985565
1191736 633.183956146
1191700 2804.39376831
1191700 664.73698616
1191700 651.829957962
1191700 624.331951141
1191642 642.918109894
1191624 642.98081398
1191624 2751.25193596
1191624 626.327991486
1191624 560.693979263
1191624 632.946968079
1191624 581.212997437
1191623 692.503929138
1191623 2794.46411133
1191563 626.376867294
1191563 612.616062164
1191563 642.529010773
1191563 674.803972244
1191545 678.388834
1191545 2871.0360527
1191532 638.386011124
1191503 580.103874207
1191477 641.080856323
1191463 634.909152985
1191395 640.771150589
1191395 2832.8499794
1191375 626.940011978
1191375 610.412120819
1191369 601.166009903
1191369 619.690895081
1191369 620.058059692
1191369 2920.25399208
1191362 660.713911057
1191342 635.411024094
1191340 659.650802612
1191306 602.286100388
1191299 621.14906311
1191299 2823.63414764
1191297 652.409076691
1191297 590.2531147
1191211 643.885850906
1191135 633.502006531
1191115 613.854885101
1191055 2864.13097382
1191046 643.731117249
1190973 650.224924088
1190973 613.291025162
1190964 680.138111115
1190964 546.535015106
1190956 2886.95788383
1190956 646.863937378
1190944 683.047056198
1190934 603.848934174
1190934 610.20898819
1190892 661.17310524
1190874 2829.68616486
1190874 562.330961227
1190868 592.056035995
1190868 615.252017975
1190822 644.798994064
1190801 603.921890259
1190801 652.29010582
1190801 2789.0381813
1190801 605.568885803
1190787 596.847057343
1190787 617.183923721
1190787 639.608860016
1190733 2795.02892494
1190703 688.086032867
1190703 594.125986099
1190703 615.540027618
1190684 632.493019104
1190684 617.879867554
1190684 591.116905212
1190627 2733.77108574
1190624 645.235061646
1190624 634.689807892
1190602 602.645874023
1190590 611.791849136
1190590 644.98090744
1190573 2810.53185463
1190573 590.79003334
1190563 685.1541996
1190563 622.481107712
1190551 613.724946976
1190528 593.928098679
1190528 2826.52497292
1190528 618.348836899
1190528 624.433040619
1190508 610.975980759
1190485 643.239974976
1190466 677.985191345
1190466 2905.80201149
1190436 620.414972305
1190436 647.772073746
1190434 618.715047836
1190396 637.397050858
1190396 614.203929901
1190396 2938.26699257
1190366 674.12686348
1190322 670.172929764
1190322 748.52514267
1190312 691.973924637
1190304 619.843006134
1190304 2813.65203857
1190304 708.68897438
1190304 630.036830902
1190304 659.471035004
1190290 593.511104584
1190290 644.677877426
1190290 2984.48991776
1190228 596.918106079
1190226 589.895963669
1190226 627.395868301
1190226 662.989139557
1190226 675.175905228
1190223 2838.82308006
1190222 592.334032059
1190222 631.755113602
1190217 647.878885269
1190167 605.926036835
1190163 593.269109726
1190124 2859.14802551
1190083 586.333990097
1190053 580.902814865
1190048 608.133077621
1189977 624.150037766
1189961 610.925912857
1189961 602.452993393
1189961 2835.27994156
1189900 604.259967804
1189826 587.457895279
1189802 652.950048447
1189787 660.884141922
1189735 627.877950668
1189735 2837.77594566
1189720 642.777919769
1189720 636.340141296
1189718 642.925977707
1189713 583.051919937
1189705 614.044904709
1189657 2831.00605011
1189648 639.761924744
1189616 719.566106796
1189616 649.031162262
1189616 613.622188568
1189589 572.334051132
1189589 2682.92093277
1189583 625.470876694
1189583 639.470100403
1189583 629.278898239
1189532 658.897161484
1189508 628.077030182
1189508 2843.28007698
1189507 619.750976562
1189507 649.01304245
1189487 661.379098892
1189474 614.694833755
1189474 596.938848495
1189473 2761.68680191
1189473 615.342140198
1189448 624.81212616
1189427 630.663156509
1189401 602.525949478
1189396 661.478996277
1189380 2822.71504402
1189368 685.500144958
1189368 681.391000748
1189368 653.873205185
1189331 596.397161484
1189331 592.031002045
1189323 2739.51888084
1189323 637.544870377
1189300 616.103172302
1189300 629.526138306
1189300 638.706922531
1189292 585.384845734
1189292 2805.98282814
1189280 663.696050644
1189280 560.012102127
1189277 642.100095749
1189277 641.152858734
1189244 605.97205162
1189244 2721.82202339
1189244 623.667955399
1189202 605.569124222
1189184 590.775966644
1189184 602.076053619
1189163 609.01093483
1189105 2732.62190819
1189105 634.94682312
1189016 638.262033463
1188985 630.228996277
1188925 653.190851212
1188925 653.552055359
1188925 2846.66204453
1188920 607.445001602
1188899 607.266902924
1188888 598.104000092
1188876 625.288009644
1188876 644.021034241
1188868 2776.90219879
1188868 624.96805191
1188868 606.864929199
1188868 601.226806641
1188849 644.05298233
1188849 629.945039749
1188827 2752.29883194
1188772 636.866092682
1188756 664.235115051
1188731 627.271175385
1188731 639.586925507
1188731 606.822967529
1188726 2820.68109512
1188726 610.200881958
1188699 597.549915314
1188699 621.21295929
1188699 617.738962173
1188699 615.532159805
1188699 2715.17920494
1188659 632.375955582
1188603 693.589925766
1188591 604.387044907
1188591 590.677976608
1188591 619.823932648
1188591 2906.58783913
1188552 619.502067566
1188546 630.111217499
1188546 657.43803978
1188546 632.789850235
1188533 619.664907455
1188502 2856.81390762
1188462 633.370161057
1188444 608.623027802
1188423 631.356954575
1188423 634.917974472
1188423 655.928850174
1188400 3078.55987549
1188400 643.847942352
1188376 655.281066895
1188335 687.757015228
1188335 641.413927078
1188335 634.809970856
1188305 2833.14394951
1188305 672.450065613
1188305 687.961101532
1188305 727.021932602
1188239 604.757070541
1188239 631.665945053
1188239 2860.72897911
1188239 714.684009552
1188239 760.262012482
1188230 745.881080627
1188230 662.683010101
1188230 652.808189392
1188230 3023.72097969
1188230 691.394090652
1188204 798.258066177
1188204 700.954914093
1188204 622.497081757
1188179 778.11217308
1188149 653.957128525
1188129 3023.67806435
1188079 740.681886673
1188079 612.650871277
1188046 650.722026825
1188021 628.087997437
1187983 767.977952957
1187963 3026.1888504
1187963 649.264097214
1187963 670.427799225
1187949 669.688940048
1187911 675.461053848
1187911 724.259138107
1187911 3163.97213936
1187895 637.03083992
1187894 603.032827377
1187887 581.622123718
1187887 627.056121826
1187887 624.766111374
1187871 2950.4108429
1187836 560.28008461
1187827 632.477998734
1187827 642.076969147
1187824 602.411031723
1187817 696.157932281
1187788 2924.36099052
1187776 657.744169235
1187776 706.241130829
1187736 654.748916626
1187730 628.341913223
1187730 699.815034866
1187730 3008.01587105
1187715 670.287847519
1187712 571.95520401
1187712 658.325910568
1187712 661.119937897
1187712 606.589078903
1187712 2922.47605324
1187700 629.561185837
1187700 672.916173935
1187684 675.971984863
1187664 647.146940231
1187664 635.762929916
1187664 2951.81703568
1187658 587.808847427
1187652 617.630004883
1187652 581.00605011
1187618 641.8800354
1187618 661.955833435
1187618 2835.19601822
1187618 673.864841461
1187594 629.727125168
1187582 620.848894119
1187542 620.997905731
1187532 591.359853745
1187523 632.951974869
1187523 2823.45509529
1187523 641.510009766
1187439 595.533847809
1187439 601.022005081
1187439 661.283969879
1187419 679.490089417
1187419 3028.26404572
1187349 611.090898514
1187349 647.011041641
1187335 620.853900909
1187335 589.756011963
1187335 630.285978317
1187311 2840.98291397
1187311 611.361026764
1187300 575.548887253
1187293 585.110902786
1187233 623.409032822
1187233 642.028093338
1187205 2889.68801498
1187186 731.444120407
1187186 733.550071716
1187186 684.034109116
1187163 626.703977585
1187163 643.681049347
1187148 2903.91302109
1187104 643.581867218
1187104 631.372928619
1187010 612.478017807
1187001 591.150999069
1187001 613.11507225
1187001 3034.74402428
1187001 640.633106232
1186973 663.589954376
1186973 644.745111465
1186973 617.244958878
1186964 676.03302002
1186956 2855.53693771
1186956 628.437995911
1186956 673.216104507
1186925 652.126073837
1186925 658.824920654
1186906 642.873048782
1186829 613.955974579
1186829 2750.17809868
1186829 610.705137253
1186829 639.514923096
1186818 602.499008179
1186805 619.832992554
1186770 656.23497963
1186770 2711.61317825
1186761 718.511104584
1186746 579.064130783
1186746 654.513120651
1186746 609.270095825
1186746 634.635210037
1186712 3187.28804588
1186712 680.842161179
1186657 609.668016434
1186657 623.412132263
1186657 656.054019928
1186657 706.90202713
1186656 3056.46491051
1186622 640.502929688
1186622 616.998195648
1186622 662.017822266
1186622 648.731946945
1186589 645.368814468
1186575 2910.987854
1186575 606.605052948
1186575 609.332084656
1186569 664.878845215
1186568 640.123128891
1186559 600.689888
1186527 2915.75908661
1186503 631.671190262
1186503 729.039907455
1186503 667.886018753
1186495 622.189044952
1186495 662.430047989
1186491 2787.93311119
1186476 607.712984085
1186476 622.216939926
1186476 596.457004547
1186430 711.694002151
1186430 653.939962387
1186380 2804.0561676
1186343 681.993961334
1186343 661.637067795
1186343 602.566003799
1186343 592.680931091
1186331 638.893842697
1186331 2937.06607819
1186331 633.056163788
1186308 631.04891777
1186308 556.20598793
1186281 673.573970795
1186281 650.447130203
1186273 2826.56693459
1186229 612.2610569
1186162 591.826915741
1186162 650.835990906
1186140 628.350019455
1186140 670.996904373
1186140 651.40414238
1186140 2851.22203827
1186138 646.571874619
1186049 634.163141251
1186049 664.140939713
1186049 612.810134888
1186049 2783.49995613
1185996 637.313127518
1185996 639.348983765
1185996 580.111980438
1185989 641.256093979
1185989 695.792913437
1185989 681.409835815
1185989 3058.6130619
1185989 671.689987183
1185989 711.647033691
1185989 634.910821915
1185957 639.823913574
1185957 655.416965485
1185957 2858.522892
1185917 708.450078964
1185917 653.803825378
1185873 632.085800171
1185865 676.177978516
1185856 635.675907135
1185807 2988.83986473
1185754 653.473854065
1185747 612.377882004
1185686 635.411977768
1185655 606.105089188
1185592 611.215829849
1185592 2971.51899338
1185582 663.508892059
1185563 668.168067932
1185563 620.568990707
1185563 631.781816483
1185560 646.301984787
1185539 2929.14485931
1185539 666.605949402
1185506 674.158096313
1185506 667.808055878
1185506 658.07890892
1185473 624.954938889
1185473 2950.99496841
1185464 663.54393959
1185455 705.557107925
1185449 778.651952744
1185449 824.058055878
1185431 738.306045532
1185409 3003.09610367
1185390 659.674882889
1185390 605.087995529
1185386 621.817827225
1185386 641.339063644
1185380 657.868862152
1185380 2883.90398026
1185380 702.785015106
1185380 628.814935684
1185357 619.154930115
1185302 630.626916885
1185273 628.967046738
1185273 2868.94607544
1185271 644.817113876
1185245 628.399133682
1185237 638.635873795
1185237 601.696968079
1185237 607.897996902
1185237 598.15788269
1185237 2791.3980484
1185237 651.218891144
1185237 612.562179565
1185179 626.33895874
1185142 632.99703598
1185131 629.213809967
1185127 2768.61095428
1185124 636.158943176
1185124 678.894042969
1185117 644.72413063
1185096 631.657123566
1185096 650.124073029
1185096 2944.38195229
1185096 655.938863754
1185023 648.607969284
1185011 627.322912216
1185011 627.901792526
1185011 652.620077133
1184956 2814.78691101
1184956 603.606939316
1184956 654.839992523
1184942 664.566993713
1184942 605.263948441
1184942 578.611850739
1184937 2851.21297836
1184935 607.741117477
1184935 593.909978867
1184935 641.860961914
1184903 617.683172226
1184889 652.015924454
1184889 2859.61699486
1184881 635.582923889
1184881 668.184041977
1184874 687.340021133
1184860 643.493175507
1184860 622.799158096
1184860 2859.72309113
1184818 626.914978027
1184818 642.920970917
1184818 633.023023605
1184813 657.716989517
1184813 658.900022507
1184813 2698.09389114
1184813 590.893030167
1184757 665.621042252
1184698 676.077842712
1184673 627.143859863
1184673 650.171041489
1184636 2857.09214211
1184604 651.845932007
1184604 623.792886734
1184596 611.058950424
1184566 637.762069702
1184554 607.667922974
1184522 2608.18600655
1184514 548.341989517
1184514 559.502124786
1184503 579.964160919
1184448 631.122112274
1184448 576.807022095
1184448 2580.1179409
1184448 573.112010956
1184448 595.644950867
1184448 582.086086273
1184431 622.107982635
1184419 669.760942459
1184406 2741.55902863
1184381 614.795923233
1184381 622.609853745
1184366 584.608793259
1184359 663.903951645
1184349 593.242883682
1184349 2808.08901787
1184337 670.030117035
1184331 636.099815369
1184331 669.398784637
1184290 634.97209549
1184290 605.970144272
1184274 2905.70902824
1184274 606.422901154
1184260 605.020046234
1184260 592.47303009
1184225 705.511808395
1184221 605.535984039
1184194 2705.62696457
1184145 660.112857819
1184107 648.052930832
1184107 651.731014252
1184102 619.083166122
1184082 672.873020172
1184082 2873.78406525
1184077 614.197015762
1184077 654.654026031
1184077 673.465013504
1184077 603.185176849
1184077 615.838050842
1184077 2783.96511078
1184029 615.263938904
1184000 647.37701416
1183991 658.015012741
1183953 610.783100128
1183953 614.206075668
1183953 2764.83607292
1183953 618.605852127
1183939 630.127906799
1183933 687.2651577
1183912 670.722007751
1183886 636.510848999
1183886 2770.9441185
1183886 653.149843216
1183886 621.412038803
1183886 624.189853668
1183886 627.294063568
1183886 612.677097321
1183886 2881.63495064
1183848 626.001834869
1183848 624.3288517
1183848 600.888967514
1183848 600.309848785
1183832 621.494054794
1183812 2878.61895561
1183812 610.356807709
1183804 648.425102234
1183804 642.943143845
1183800 568.463087082
1183800 600.828886032
1183800 2793.88809204
1183800 627.650022507
1183800 554.081916809
1183800 622.082948685
1183792 612.549066544
1183792 649.01804924
1183791 589.183807373
1183791 2867.12884903
1183748 628.695011139
1183748 621.964931488
1183748 628.055095673
1183744 604.750871658
1183744 670.611858368
1183744 2825.40798187
1183744 587.017059326
1183744 626.229047775
1183744 619.948863983
1183744 666.651010513
1183739 657.481908798
1183731 2772.41706848
1183731 664.813041687
1183720 661.494016647
1183702 624.516963959
1183702 638.899087906
1183702 616.357088089
1183662 2918.53189468
1183647 635.326147079
1183647 623.636960983
1183621 625.700950623
1183603 596.953868866
1183599 650.913000107
1183599 2912.20712662
1183587 643.206834793
1183524 619.845151901
1183524 610.249042511
1183524 593.199968338
1183524 628.823041916
1183524 2952.86989212
1183524 683.254957199
1183524 619.242191315
1183524 618.869066238
1183524 699.870109558
1183524 637.854814529
1183524 2988.1310463
1183524 646.450042725
1183472 654.925107956
1183472 605.791091919
1183472 645.863056183
1183472 607.234954834
1183440 2955.52992821
1183440 646.670103073
1183440 668.684959412
1183426 616.576910019
1183426 632.501125336
1183426 618.098974228
1183426 2967.24891663
1183426 650.844097137
1183426 644.948005676
1183426 611.329078674
1183400 647.542953491
1183397 629.473924637
1183397 638.884067535
1183321 2878.60703468
1183321 661.797046661
1183310 647.459983826
1183277 620.030164719
1183277 645.915031433
1183270 621.394872665
1183259 2911.05484962
1183259 633.291006088
1183227 650.749921799
1183153 627.562999725
1183108 616.096973419
1183108 656.055927277
1183108 2742.4428463
1183108 593.695878983
1183044 624.689817429
1183039 641.478061676
1183024 627.712965012
1183024 652.626991272
1183018 2867.05088615
1183018 639.413118362
1183010 612.503051758
1182979 644.825220108
1182954 626.224994659
1182954 673.250198364
1182916 2881.18004799
1182916 585.165977478
1182904 656.74996376
1182904 654.335975647
1182904 595.132827759
1182904 606.029033661
1182904 2874.69291687
1182904 649.760007858
1182902 608.94203186
1182891 651.574850082
1182880 616.615056992
1182880 567.243099213
1182880 2847.94902802
1182879 609.283208847
1182840 628.821134567
1182840 577.754974365
1182818 638.824939728
1182818 625.879049301
1182805 639.930009842
1182775 2820.20401955
1182775 678.511857986
1182775 616.898059845
1182735 644.14691925
1182710 634.240150452
1182710 637.567996979
1182710 2918.97296906
1182710 630.975008011
1182710 651.63397789
1182708 673.933029175
1182708 611.831903458
1182686 628.82900238
1182686 2853.70087624
1182686 652.784109116
1182675 641.824960709
1182675 624.488115311
1182590 598.119020462
1182556 604.809045792
1182540 2902.35185623
1182518 624.763011932
1182518 615.11182785
1182463 616.555213928
1182453 606.280088425
1182417 652.193069458
1182417 2780.65896034
1182395 636.150121689
1182395 661.015987396
1182395 567.697048187
1182341 642.707109451
1182341 617.965936661
1182325 2777.84085274
1182325 701.184988022
1182289 642.024993896
1182270 665.282011032
1182270 601.675033569
1182212 625.210046768
1182138 2918.15400124
1182122 653.824806213
1182093 607.316017151
1182093 630.27381897
1182093 621.340990067
1182093 633.416891098
1182093 2938.53998184
1182031 675.758838654
1182031 609.820127487
1182031 638.383865356
1182022 659.301996231
1182008 629.171848297
1181942 3047.37687111
1181918 705.935955048
1181918 760.270833969
1181918 686.989068985
1181892 713.427066803
1181872 718.721866608
1181830 3223.69909286
1181805 838.958024979
1181805 573.236942291
1181758 575.137853622
1181747 649.796962738
1181732 912.69993782
1181732 722.500801086
1181718 3399.60503578
1181706 736.228942871
1181706 768.51606369
1181685 629.143953323
1181685 577.497005463
1181685 2666.14508629
1181666 586.256027222
1181666 595.628976822
1181666 590.643882751
1181656 747.28012085
1181620 899.057149887
1181620 630.447864532
1181609 2625.24104118
1181609 590.98982811
1181578 590.888023376
1181550 584.339857101
1181495 627.819061279
1181492 596.382856369
1181492 2602.86402702
1181492 556.439161301
1181488 578.413009644
1181488 573.801040649
1181488 568.176984787
1181488 561.537981033
1181467 2552.68406868
1181443 567.056894302
1181425 592.6258564
1181422 556.535005569
1181422 607.002019882
1181422 572.772026062
1181412 2606.86802864
1181408 614.279985428
1181408 594.58899498
1181408 844.021081924
1181408 857.94210434
1181408 587.215900421
1181405 2602.00285912
1181334 625.063896179
1181334 559.765815735
1181334 565.650939941
1181334 668.63489151
1181331 806.41412735
1181331 2818.78995895
1181331 583.007097244
1181288 573.754072189
1181288 623.558998108
1181270 582.717180252
1181259 562.20293045
1181259 3305.35292625
1181247 616.569042206
1181247 697.939872742
1181239 927.437067032
1181205 804.728031158
1181205 581.952810287
1181205 3547.29390144
1181171 612.515926361
1181168 608.603954315
1181151 567.232131958
1181151 572.120904922
1181151 553.042888641
1181109 2649.69992638
1181109 593.093156815
1181088 556.385040283
1181087 547.858953476
1181087 608.849048615
1181087 571.311950684
1181049 592.413187027
1181049 2833.36091042
1181049 587.453126907
1181032 788.603067398
1181016 623.940944672
1180953 643.657922745
1180947 642.668008804
1180937 3260.93888283
1180908 707.972049713
1180883 677.646875381
1180850 743.172883987
1180832 643.637895584
1180829 673.690080643
1180783 2909.7840786
1180783 579.315900803
1180758 616.730928421
1180711 681.812047958
1180705 612.638950348
1180705 641.426086426
1180676 2880.04517555
1180660 673.729896545
1180660 615.749835968
1180660 617.259979248
1180660 612.75601387
1180660 680.458068848
1180660 2823.2319355
1180639 624.729156494
1180639 633.77904892
1180639 606.843948364
1180594 681.076049805
