298644 2529.95419502
298624 142.612934113
298605 141.139030457
298576 155.261993408
298576 312.912940979
298556 151.156902313
298498 290.082931519
298498 147.972822189
298498 272.459030151
298485 135.184049606
298462 167.613983154
298448 265.110015869
298448 329.221010208
298445 130.349874496
298442 146.738767624
298436 288.249015808
298436 299.499988556
298428 151.051998138
298428 119.907855988
298420 286.510944366
298420 124.3288517
298399 273.185968399
298399 178.775072098
298395 268.788099289
298395 135.843038559
298373 301.784038544
298368 130.082130432
298368 267.554998398
298359 133.285999298
298350 270.990848541
298350 293.426036835
298350 151.306867599
298339 143.085956573
298333 282.130002975
298333 146.970033646
298298 276.82518959
298281 250.699996948
298265 130.083084106
298246 122.049093246
298229 286.988973618
298208 283.929109573
298189 137.089014053
298174 126.69301033
298166 283.60414505
298166 139.482021332
298165 265.099048615
298165 140.580177307
298162 286.895036697
298154 155.832767487
298154 285.243034363
298134 142.366886139
298096 253.24511528
298096 158.810138702
298085 258.728981018
298021 310.335874557
297978 140.245914459
297978 124.322891235
297977 269.866943359
297977 125.5838871
297977 263.638973236
297925 305.431127548
297919 143.034934998
297919 149.069070816
297912 270.215034485
297912 261.617898941
297912 114.377975464
297912 124.77183342
297912 271.270036697
297885 148.654937744
297885 269.338846207
297885 129.034996033
297885 265.371084213
297848 124.77183342
297848 284.393072128
297845 137.517929077
297845 300.24600029
297806 141.181945801
297754 300.440073013
297754 271.711111069
297754 111.482143402
297700 141.617059708
297700 287.915945053
297691 134.146928787
297637 268.893957138
297614 291.57781601
297603 191.9901371
297594 171.172142029
297593 337.97121048
297593 301.265001297
297584 145.36690712
297580 121.921062469
297580 339.112043381
297580 146.530151367
297580 278.850078583
297567 126.475095749
297567 252.136945724
297567 145.251989365
297566 260.796070099
297566 136.743068695
297488 248.628139496
297488 129.117965698
297465 288.911104202
297446 299.004077911
297441 158.149957657
297441 152.465105057
297436 281.780958176
297435 133.455991745
297390 277.303934097
297390 306.55503273
297363 122.414112091
297335 147.888898849
297319 265.365123749
297312 319.790124893
297234 143.644094467
297229 134.753227234
297164 303.506851196
297164 127.533912659
297144 290.8411026
297137 144.028902054
297137 272.339105606
297131 138.523101807
297131 303.40385437
297131 140.858888626
297129 254.497051239
297117 164.912939072
297117 276.561975479
297115 282.675981522
297115 131.167888641
297115 122.119188309
297115 271.58498764
297042 139.456033707
297024 290.500879288
297024 285.620927811
297024 132.910013199
297024 120.96786499
296995 247.287034988
296995 275.092840195
296991 128.840923309
296991 127.641916275
296948 277.687072754
296948 149.974822998
296948 262.477874756
296917 148.968935013
296915 261.929035187
296915 118.635892868
296885 261.296987534
296885 143.079996109
296885 269.39702034
296872 139.517068863
296872 264.999866486
296806 272.330999374
296749 127.106904984
296749 137.634038925
296727 288.022041321
296710 132.353067398
296710 264.74905014
296710 287.81414032
296627 157.994031906
296622 117.455005646
296622 256.88791275
296610 289.617776871
296555 141.766786575
296555 136.960029602
296553 272.368907928
296538 131.795167923
296518 266.06798172
296506 114.096164703
296470 241.791009903
296458 134.929895401
296452 294.817209244
296414 132.839918137
296414 263.904094696
296414 126.156806946
296414 252.999067307
296393 283.137083054
296393 131.69503212
296393 141.512870789
296393 306.396007538
296392 143.044948578
296389 301.606893539
296382 290.503978729
296382 149.455070496
296377 136.5711689
296377 253.325939178
296353 315.457105637
296353 136.389017105
296353 134.854078293
296353 274.767875671
296353 127.424001694
296315 303.446054459
296308 126.171112061
296308 292.2539711
296295 125.884056091
296282 280.725002289
296282 139.054059982
296282 250.933885574
296272 161.512851715
296272 260.986089706
296264 316.432952881
296245 129.161834717
296245 124.69792366
296245 290.298938751
296238 119.625091553
296226 300.065040588
296226 276.340007782
296142 171.504020691
296142 127.429962158
296103 245.549917221
296073 289.661884308
296073 137.286901474
296073 143.035173416
296073 277.09197998
296062 135.174036026
296062 296.589136124
296031 131.917953491
296019 285.137891769
295998 140.449047089
295998 271.553993225
295942 131.397008896
295942 270.099163055
295937 152.115106583
295925 263.072967529
295873 311.925172806
295873 130.286931992
295786 141.214132309
295786 267.138957977
295786 149.005889893
295781 288.811922073
295730 281.550884247
295730 137.990951538
295730 151.068925858
295730 257.483005524
295730 288.45500946
295719 135.322093964
295706 144.721031189
295706 295.45712471
295700 131.87289238
295700 255.019903183
295700 144.893884659
295700 279.016017914
295700 149.882078171
295681 254.203081131
295675 132.633924484
295675 272.260189056
295664 140.525102615
295635 272.996902466
295635 286.753892899
295626 140.772819519
295610 131.278991699
295586 264.678001404
295581 143.957853317
295557 272.688150406
295546 292.756080627
295546 136.565923691
295546 149.523019791
295527 287.275075912
295522 270.266056061
295492 131.78896904
295489 138.585090637
295477 250.894069672
295447 127.257108688
295406 300.094842911
295406 128.895044327
295395 265.210151672
295388 143.081903458
295377 262.511014938
295357 139.341831207
295338 265.471935272
295301 149.842977524
295292 268.505096436
295292 285.620927811
295292 142.445802689
295292 128.113031387
295222 281.309127808
295222 149.575948715
295222 259.787082672
295136 264.101982117
295101 114.91394043
295101 123.247861862
295084 280.298948288
295084 270.823955536
295084 138.798952103
295064 159.929990768
295064 280.39598465
295064 134.500980377
295064 270.29299736
295021 129.083156586
294994 263.490915298
294978 128.998041153
294967 261.874914169
294929 126.15609169
294920 265.825033188
294920 129.534959793
294920 278.767108917
294904 276.772022247
294904 120.670080185
294904 126.435041428
294904 255.092144012
294884 149.873018265
294884 279.26492691
294884 284.563064575
294875 135.995864868
294875 121.746063232
294864 241.878032684
294864 253.766059875
294864 135.838031769
294846 145.305156708
294778 269.329071045
294778 129.445075989
294778 291.854858398
294727 122.255086899
294683 298.123836517
294667 135.871171951
294630 293.369054794
294590 124.933958054
294590 269.618988037
294554 145.925998688
294532 253.774881363
294511 310.488939285
294511 138.011932373
294511 130.960941315
294511 315.355062485
294500 142.266988754
294489 297.089099884
294489 288.87796402
294489 131.311893463
294479 118.801116943
294474 303.293943405
294456 281.570911407
294456 159.134864807
294423 144.012928009
294418 272.399902344
294397 128.428936005
294397 278.697967529
294397 125.148057938
294397 264.950037003
294397 141.040802002
294397 265.366077423
294372 127.398014069
294357 303.035020828
294357 142.83490181
294347 280.549049377
294347 294.688940048
294347 120.32699585
294306 138.505935669
294290 288.236141205
294281 131.42991066
294268 271.629095078
294268 287.590026855
294268 132.473945618
294230 142.028093338
294230 271.548986435
294219 279.652118683
294166 122.009038925
294155 127.404928207
294145 277.968168259
294111 139.293909073
294111 276.10206604
294042 132.391929626
294042 270.084857941
294042 130.512952805
294042 270.079135895
294033 131.29901886
294033 264.225006104
293949 125.874996185
293899 278.256893158
293899 304.690122604
293899 129.928827286
293852 143.206834793
293837 272.768974304
293837 145.630121231
293837 282.103061676
293793 269.529819489
293793 133.758068085
293793 133.139133453
293793 265.102863312
293793 287.40811348
293788 120.640993118
293788 134.844064713
293788 244.902849197
293788 130.034923553
293750 284.781932831
293702 134.588003159
293661 278.596162796
293657 136.538028717
293598 256.071805954
293593 153.527021408
293559 279.189109802
293539 147.148132324
293539 287.6060009
293539 297.236919403
293502 134.402990341
293478 165.444135666
293478 295.167922974
293478 143.294095993
293478 239.112138748
293474 252.927064896
293464 151.51309967
293458 142.197132111
293440 258.239984512
293440 314.059019089
293434 125.593900681
293423 131.795167923
293423 279.968976974
293423 151.744127274
293409 262.457847595
293409 128.648996353
293409 296.209096909
293409 146.580934525
293390 285.778999329
293390 129.096984863
293383 266.957044601
293341 124.853134155
293341 276.010990143
293338 290.479898453
293325 147.99785614
293319 149.520874023
293304 283.018112183
293289 138.513088226
293285 271.141052246
293278 277.033090591
293278 124.246835709
293278 141.762971878
293270 247.665166855
293257 282.433986664
293237 137.703180313
293237 148.343086243
293210 271.260976791
293195 127.852916718
293195 254.726886749
293195 122.210025787
293189 283.779144287
293189 138.870000839
293189 276.37887001
293189 140.623092651
293112 283.326148987
293085 145.807981491
293085 291.953802109
293075 279.901981354
293045 127.034902573
293045 135.261058807
292994 267.452955246
292992 143.34487915
292992 268.908977509
292942 280.76505661
292942 140.547990799
292942 132.839918137
292930 278.560876846
292930 285.077095032
292900 153.025150299
292827 163.30909729
292827 286.666870117
292827 142.102956772
292796 258.899927139
292709 132.366895676
292709 267.643213272
292709 143.226146698
292699 272.877931595
292678 124.326944351
292673 238.535881042
292627 143.101930618
292619 268.650054932
292617 303.151845932
292617 129.042863846
292607 122.740030289
292607 281.51512146
292549 135.267019272
292522 274.340867996
292522 282.665014267
292462 150.93421936
292419 148.555040359
292419 264.671087265
292412 284.518957138
292412 125.27179718
292408 144.562959671
292408 339.435815811
292387 139.108181
292387 287.929058075
292363 157.413005829
292363 244.572877884
292363 140.089035034
292331 285.234928131
292331 142.266988754
292331 296.288013458
292311 156.842947006
292305 265.472888947
292305 268.395900726
292305 133.072853088
292299 126.903057098
292270 270.22600174
292248 131.636142731
292248 251.265048981
292248 293.287992477
292227 136.934995651
292227 147.920131683
292219 283.051013947
292198 304.044008255
292102 131.493091583
292102 131.937980652
292102 264.297008514
292102 129.516124725
292102 310.482025146
292097 146.189928055
292097 302.227973938
292079 126.768112183
292079 277.945995331
292079 129.323959351
292055 266.028165817
292055 136.58618927
292035 269.626140594
292023 275.747060776
292023 163.354873657
292017 146.212100983
292000 273.241043091
292000 141.096115112
292000 260.614156723
292000 287.004947662
292000 145.946979523
292000 138.401031494
291994 289.091110229
291994 316.809892654
291994 135.390043259
291991 139.667034149
291991 259.349107742
291966 129.603147507
291953 254.242897034
291953 171.591997147
291936 288.707017899
291933 138.445854187
291933 274.363994598
291870 143.25094223
291870 279.635906219
291858 141.800880432
291858 275.437116623
291858 301.205873489
291858 126.564979553
291858 126.522064209
291801 267.563819885
291801 135.461091995
291788 260.531187057
291761 291.579961777
291760 125.311136246
291760 144.461870193
291760 246.2849617
291760 275.419950485
291754 131.834030151
291754 120.77999115
291718 288.67316246
291711 131.80398941
291704 291.84794426
291704 140.916109085
291704 269.398927689
291704 130.674123764
291692 281.852006912
291643 138.767957687
291640 270.306110382
291640 125.390052795
291640 255.882024765
291640 283.539056778
291633 139.267921448
291633 142.729997635
291607 312.080144882
291589 130.200147629
291589 290.894031525
291589 268.095016479
291589 169.531822205
291588 131.426095963
291565 298.38514328
291514 290.018081665
291512 154.471158981
291494 149.973869324
291482 274.502038956
291476 137.876033783
291476 277.086019516
291459 140.122890472
291459 277.375936508
291459 133.029937744
291445 264.877080917
291445 143.106937408
291445 270.890951157
291445 130.240917206
291429 245.800018311
291429 256.975889206
291429 133.805990219
291429 147.33505249
291429 270.242929459
291429 144.540071487
291429 265.14005661
291429 313.350915909
291429 122.246980667
291427 135.93506813
291411 290.11797905
291411 275.017023087
291392 145.190954208
291337 128.931999207
291333 273.965120316
291321 150.512933731
291320 260.671854019
291320 141.577005386
291313 285.135984421
291313 136.396169662
291313 303.527116776
291305 135.100841522
291244 297.654151917
291244 148.219108582
291237 292.253017426
291227 311.873912811
291227 157.180070877
291184 139.037847519
291158 313.177108765
291142 144.405841827
291142 273.100137711
291142 296.107053757
291132 149.484157562
291132 121.935129166
291132 251.721858978
291123 281.486034393
291063 141.174077988
291040 129.772186279
291040 283.951997757
291040 149.533987045
291040 259.567975998
291022 131.505012512
290992 257.469892502
290992 134.361982346
290992 268.508911133
290992 132.180929184
290989 287.919044495
290974 133.2218647
290974 259.394884109
290962 290.486097336
290950 141.696929932
290950 126.138210297
290948 265.36488533
290948 132.363796234
290948 282.414913177
290948 294.70205307
290948 154.12902832
290948 117.611885071
290948 264.574050903
290907 299.207925797
290894 145.799875259
290894 133.198022842
290891 279.133081436
290840 141.593933105
290840 286.104917526
290838 132.385969162
290838 278.306007385
290838 142.908096313
290805 283.320903778
290780 142.6820755
290780 279.762029648
290780 137.588024139
290780 286.289930344
290780 292.182922363
290780 156.797170639
290766 124.459028244
290762 261.897087097
290710 127.107858658
290701 250.782012939
290701 282.447814941
290698 138.621091843
290651 140.2759552
290651 267.735004425
290643 274.806976318
290643 149.039983749
290643 153.154850006
290624 290.441036224
290624 146.297931671
290624 279.757022858
290571 125.339984894
290558 253.940820694
290558 127.961874008
290558 273.055076599
290558 133.256912231
290558 288.992166519
290497 139.783859253
290485 277.776002884
290473 261.723995209
290467 132.172107697
290467 126.620054245
290442 253.601074219
290439 153.986930847
290431 270.763158798
290424 313.780069351
290424 140.579938889
290401 123.617887497
290393 287.684202194
290390 311.294794083
290349 132.986068726
290316 128.578186035
290316 266.469955444
290316 130.055904388
290240 282.243013382
290237 124.633073807
290176 252.906084061
290162 146.071910858
290152 279.936075211
290147 135.322093964
290120 283.368110657
290120 163.478136063
290111 262.502908707
290079 294.760942459
290079 127.484083176
290066 140.296936035
290055 271.568059921
290055 128.230810165
290055 246.923923492
290055 290.118932724
290055 138.723134995
290055 140.011072159
290055 258.507013321
290035 286.650180817
289989 143.981933594
289989 141.912937164
289989 272.768974304
289989 150.501012802
289988 263.23890686
289988 117.943048477
289967 251.932144165
289945 136.169910431
289935 269.021034241
289906 127.024173737
289859 271.723985672
289859 158.962965012
289853 255.409955978
289853 307.470083237
289853 129.35590744
289834 150.331020355
289834 313.961029053
289834 146.215200424
289808 269.771099091
289801 282.377958298
289788 143.116950989
289788 140.463113785
289777 271.34513855
289755 290.264129639
289755 137.87317276
289742 133.401870728
289742 266.794919968
289742 125.993013382
289692 267.727136612
289692 132.611036301
289685 280.033826828
289685 148.75292778
289685 262.692928314
289685 127.76017189
289685 279.464960098
289685 134.93680954
289685 284.772157669
289666 308.567047119
289647 152.582883835
289647 124.485015869
289647 271.558046341
289647 124.206066132
289647 260.910987854
289647 291.372060776
289647 145.246982574
289623 127.989053726
289622 271.286964417
289622 284.579992294
289618 139.346837997
289618 137.425899506
289606 276.199102402
289606 164.886951447
289606 286.135911942
289598 144.054889679
289561 286.039113998
289493 141.477108002
289484 288.525104523
289484 135.535001755
289477 272.989988327
289461 135.972976685
289461 277.590990067
289461 312.360048294
289461 130.942821503
289461 126.628160477
289461 255.55896759
289461 130.67317009
289458 267.981052399
289458 275.964975357
289433 132.108926773
289433 128.108024597
289433 281.1191082
289433 285.145044327
289411 140.339136124
289411 140.304803848
289406 261.68513298
289361 147.812128067
289361 274.931907654
289361 142.329931259
289328 278.337001801
289328 139.006137848
289328 289.59608078
289328 131.637096405
289301 276.734828949
289301 143.891096115
289301 267.645120621
289273 284.651994705
289273 130.126953125
289273 135.479927063
289273 272.700071335
289273 151.787996292
289261 270.424127579
289261 282.449960709
289261 151.383876801
289250 127.608776093
289250 258.824110031
289250 283.462047577
289228 150.879859924
289228 124.276161194
289186 263.916969299
289186 131.394863129
289186 283.382892609
289177 135.828018188
289113 303.92408371
289070 133.695840836
289046 300.114870071
289046 140.370130539
289045 285.023212433
289045 137.001037598
289040 297.61505127
289009 301.049947739
289000 122.929811478
289000 135.742902756
288965 277.245998383
288961 141.853809357
288953 253.462791443
288953 267.05288887
288953 129.441976547
288946 153.249025345
288946 273.875951767
288946 264.77599144
288940 147.092103958
288940 151.256084442
288928 292.114973068
288922 139.034032822
288922 260.08605957
288895 130.080223083
288883 273.183107376
288879 143.926143646
288879 259.90486145
288879 129.281997681
288843 254.551172256
288773 137.274980545
288773 269.355773926
288773 282.390832901
288773 138.815164566
288773 144.544839859
288734 269.232034683
288728 150.923013687
288728 266.646146774
288728 309.443950653
288679 136.999130249
288679 129.912137985
288643 284.964084625
288643 290.558815002
288643 154.072999954
288595 133.12292099
288552 280.603170395
288522 141.713857651
288513 285.825967789
288510 148.670911789
288510 264.23406601
288510 140.96903801
288508 287.411928177
288496 151.385068893
288492 287.393093109
288492 145.10679245
288479 290.621042252
288479 281.065940857
288479 156.550168991
288479 133.600950241
288479 275.828838348
288438 150.289058685
288438 256.765842438
288438 321.211099625
288437 146.726846695
288437 153.034925461
288388 280.991077423
288382 305.263996124
288371 131.191015244
288343 132.455825806
288343 308.648109436
288343 131.721973419
288343 284.641981125
288343 121.541976929
288311 284.558057785
288305 154.223918915
288305 259.155988693
288270 159.028053284
288235 288.301944733
288228 141.456127167
288228 261.639118195
288223 275.818109512
288223 137.852907181
288205 145.781993866
288202 280.812978745
288193 140.938043594
288114 271.827936172
288114 291.389942169
288111 133.397102356
288111 127.559185028
288106 257.13801384
288106 277.583122253
288106 112.86687851
288102 136.372089386
288102 308.84885788
288081 140.949010849
288081 292.61302948
288081 136.329889297
288067 288.642168045
288067 144.244194031
288067 269.772052765
288062 138.559103012
288055 264.597892761
288053 149.934053421
288009 270.740032196
288009 282.455205917
288006 132.144927979
288006 133.144140244
288006 265.586137772
287976 115.015029907
287976 287.135839462
287976 269.805908203
287976 152.770996094
287976 136.037111282
287952 266.7491436
287921 286.723852158
287921 126.087188721
287841 138.756990433
287828 286.853075027
287823 128.157138824
287823 284.917116165
287794 141.843080521
287794 294.321060181
287794 137.680053711
287794 279.831886292
287757 142.283916473
287757 269.543886185
287757 142.823934555
287757 273.159980774
287675 311.496019363
287633 136.738061905
287613 149.730205536
287570 275.502920151
287569 145.498037338
287569 273.994922638
287569 286.898136139
287569 148.018836975
287569 149.842023849
287569 270.727157593
287549 267.581939697
287549 129.734039307
287549 137.23897934
287549 272.42398262
287528 124.583005905
287475 275.367975235
287462 160.91799736
287462 268.177032471
287444 135.057210922
287435 273.795127869
287378 141.566991806
287378 281.569004059
287378 129.148960114
287346 266.206979752
287310 278.919935226
287237 136.126041412
287213 159.690856934
287176 291.170835495
287176 130.680084229
287173 275.137901306
287173 280.230045319
287173 148.897886276
287101 146.143913269
287076 276.64899826
287066 289.763212204
287062 137.486219406
287061 136.347055435
287061 286.173820496
287048 150.046110153
287048 276.691913605
287024 128.423929214
287024 273.723125458
286978 141.741991043
286972 273.739814758
286949 130.686998367
286906 284.621953964
286906 132.23195076
286906 253.659009933
286898 291.971206665
286898 137.650966644
286898 133.680105209
286898 285.684108734
286898 149.140834808
286894 263.778924942
286878 266.45898819
286878 143.397808075
286871 134.252071381
286871 257.338047028
286871 276.960849762
